71.8721 70.8844 69.8972 68.9106 67.9244 66.9389 65.954 64.9698 63.9863 63.0036 62.0217 61.0406 60.0605 59.0814 58.1034 57.1266 56.1511 55.177 54.2043 53.2333 52.2641 51.2968 50.3317 49.3689 48.4087 47.4514 46.4973 45.5467 44.6 43.6578 42.72 41.7852 40.8534 39.9249 39 38.0789 37.1618 36.2491 35.3412 34.4384 33.541 32.6497 31.7648 30.8869 30.0167 29.1548 28.3019 27.4591 26.6271 25.807 25 24.2074 23.4307 22.6716 21.9317 21.2132 20.5183 19.8494 19.2094 18.6011 18.0278 17.4929 17 16.5529 16.1555 15.8114 15.5242 15.2971 15.1327 15.0333 15 15.0333 15.1327 15.2971 15.5242 15.8114 16.1555 16.5529 17 17.4929 
71.7266 70.7361 69.7459 68.7562 67.7669 66.778 65.7896 64.8018 63.8145 62.8278 61.8417 60.8563 59.8717 58.8878 57.9048 56.9227 55.9416 54.9616 53.9827 53.0051 52.029 51.0543 50.0813 49.1102 48.1411 47.1743 46.21 45.2485 44.2901 43.3352 42.3844 41.4381 40.4969 39.5601 38.6264 37.6962 36.7696 35.8469 34.9285 34.0147 33.1059 32.2025 31.305 30.4138 29.5296 28.6531 27.7849 26.9258 26.0768 25.2389 24.4131 23.6008 22.8035 22.0227 21.2603 20.5183 19.799 19.105 18.4391 17.8045 17.2047 16.6433 16.1245 15.6525 15.2315 14.8661 14.5602 14.3178 14.1421 14.0357 14 14.0357 14.1421 14.3178 14.5602 14.8661 15.2315 15.6525 16.1245 16.6433 
71.6002 70.6072 69.6144 68.622 67.6299 66.6381 65.6467 64.6557 63.665 62.6749 61.6852 60.696 59.7073 58.7192 57.7318 56.745 55.759 54.7738 53.7895 52.8061 51.8238 50.8426 49.8626 48.8841 47.9071 46.9318 45.9584 44.9871 44.0182 43.052 42.0888 41.1291 40.1733 39.2221 38.2753 37.3363 36.4005 35.4683 34.5398 33.6155 32.6956 31.7805 30.8707 29.9666 29.0689 28.178 27.2947 26.4197 25.5539 24.6982 23.8537 23.0217 22.2036 21.4009 20.6155 19.8494 19.105 18.3848 17.6918 17.0294 16.4012 15.8114 15.2643 14.7648 14.3178 13.9284 13.6015 13.3417 13.1529 13.0384 13 13.0384 13.1529 13.3417 13.6015 13.9284 14.3178 14.7648 15.2643 15.8114 
71.493 70.4978 69.5029 68.5082 67.5137 66.5194 65.5254 64.5316 63.5382 62.545 61.5522 60.5597 59.5677 58.576 57.5848 56.594 55.6038 54.6141 53.6251 52.6367 51.6491 50.6623 49.6763 48.6914 47.7075 46.7249 45.7436 44.7638 43.7857 42.8095 41.8355 40.864 39.8953 38.93 37.9685 37.0115 36.0598 35.1141 34.176 33.2415 32.311 31.3847 30.4631 29.5466 28.6356 27.7308 26.8328 25.9422 25.0599 24.1868 23.3238 22.4722 21.6333 20.8087 20 19.2094 18.4391 17.6918 16.9706 16.2788 15.6205 15 14.4222 13.8924 13.4164 13 12.6491 12.3693 12.1655 12.0416 12 12.0416 12.1655 12.3693 12.6491 13 13.4164 13.8924 14.4222 15 
71.4051 70.4082 69.4115 68.4148 67.4184 66.422 65.4259 64.4299 63.4341 62.4385 61.4431 60.448 59.453 58.4584 57.464 56.47 55.4763 54.4829 53.49 52.4975 51.5055 50.5139 49.523 48.5327 47.5431 46.5543 45.5664 44.5795 43.5937 42.6091 41.626 40.6445 39.6649 38.6875 37.7127 36.7409 35.7726 34.8087 33.8499 32.8976 31.9531 31.0161 30.0832 29.1548 28.2312 27.313 26.4008 25.4951 24.5967 23.7065 22.8254 21.9545 21.095 20.2485 19.4165 18.6011 17.8045 17.0294 16.2788 15.5563 14.8661 14.2127 13.6015 13.0384 12.53 12.083 11.7047 11.4018 11.1803 11.0454 11 11.0454 11.1803 11.4018 11.7047 12.083 12.53 13.0384 13.6015 14.2127 
71.3366 70.3384 69.3402 68.3421 67.3441 66.3462 65.3483 64.3506 63.353 62.3555 61.3581 60.3608 59.3637 58.3667 57.3699 56.3732 55.3768 54.3806 53.3845 52.3888 51.3933 50.3981 49.4032 48.4087 47.4146 46.421 45.4278 44.4352 43.4433 42.4521 41.4617 40.4722 39.4838 38.4967 37.5111 36.5273 35.5455 34.5663 33.5901 32.6178 31.6502 30.6888 29.7353 28.7924 27.8568 26.9258 26 25.0799 24.1661 23.2594 22.3607 21.4709 20.5913 19.7231 18.868 18.0278 17.2047 16.4012 15.6205 14.8661 14.1421 13.4536 12.8062 12.2066 11.6619 11.1803 10.7703 10.4403 10.198 10.0499 10 10.0499 10.198 10.4403 10.7703 11.1803 11.6619 12.2066 12.8062 13.4536 
71.2877 70.2884 69.2893 68.2901 67.291 66.2919 65.2929 64.2939 63.2949 62.296 61.2972 60.2984 59.2997 58.3011 57.3025 56.304 55.3056 54.3072 53.309 52.3109 51.3129 50.315 49.3173 48.3198 47.3224 46.3253 45.3283 44.3316 43.3352 42.3392 41.3435 40.3482 39.3534 38.3592 37.3657 36.373 35.3812 34.3906 33.4014 32.414 31.4288 30.4465 29.468 28.4947 27.5286 26.5707 25.632 24.6982 23.7697 22.8473 21.9317 21.0238 20.1246 19.2354 18.3576 17.4929 16.6433 15.8114 15 14.2127 13.4536 12.7279 12.0416 11.4018 10.8167 10.2956 9.84886 9.48683 9.21954 9.05539 9 9.05539 9.21954 9.48683 9.84886 10.2956 10.8167 11.4018 12.0416 12.7279 
71.0483 70.0832 69.1204 68.1603 67.2029 66.2488 65.2596 64.2598 63.2601 62.2604 61.2607 60.261 59.2613 58.2616 57.262 56.2623 55.2627 54.2632 53.2636 52.2641 51.2646 50.2651 49.2657 48.2663 47.267 46.2677 45.2684 44.2693 43.2702 42.2712 41.2723 40.2734 39.2748 38.2762 37.2778 36.2797 35.2818 34.2841 33.2869 32.2901 31.2938 30.2983 29.3038 28.3107 27.3195 26.3312 25.3475 24.3716 23.4094 22.4722 21.5407 20.6155 19.6977 18.7883 17.8885 17 16.1245 15.2643 14.4222 13.6015 12.8062 12.0416 11.3137 10.6301 10 9.43398 8.94427 8.544 8.24621 8.06226 8 8.06226 8.24621 8.544 8.94427 9.43398 10 10.6301 11.3137 12.0416 
70.8058 69.8329 68.8617 67.8927 66.9258 65.9615 65 64.0416 63.0868 62.1359 61.1896 60.2485 59.2485 58.2485 57.2485 56.2485 55.2485 54.2485 53.2485 52.2485 51.2485 50.2485 49.2485 48.2485 47.2485 46.2485 45.2485 44.2485 43.2485 42.2485 41.2485 40.2485 39.2485 38.2485 37.2485 36.2485 35.2485 34.2485 33.2485 32.2485 31.2485 30.2485 29.2485 28.2485 27.2485 26.2485 25.2485 24.2485 23.2485 22.2485 21.2485 20.2485 19.3132 18.3848 17.4642 16.5529 15.6525 14.7648 13.8924 13.0384 12.2066 11.4018 10.6301 9.89949 9.21954 8.60233 8.06226 7.61577 7.28011 7.07107 7 7.07107 7.28011 7.61577 8.06226 8.60233 9.21954 9.89949 10.6301 11.4018 
70.5941 69.6142 68.6356 67.6586 66.6833 65.7099 64.7386 63.7697 62.8035 61.8403 60.8806 59.9249 58.9737 58.0278 57.088 56.1555 55.2315 54.2869 53.2901 52.2938 51.2983 50.3038 49.3107 48.3195 47.3312 46.3475 45.3716 44.4107 43.4845 42.6627 inf inf inf inf inf inf inf inf inf inf inf inf inf inf inf inf inf inf inf inf inf inf inf 18.0278 17.088 16.1555 15.2315 14.3178 13.4164 12.53 11.6619 10.8167 10 9.21954 8.48528 7.81025 7.2111 6.7082 6.32456 6.08276 6 6.08276 6.32456 6.7082 7.2111 7.81025 8.48528 9.21954 10 10.8167 
70.4138 69.4279 68.4429 67.4591 66.4764 65.4951 64.5153 63.5372 62.561 61.587 60.6155 59.6469 58.6815 57.72 56.7631 55.8114 54.8661 53.9284 53 52.083 51.1803 50.2956 49.434 48.5286 47.573 46.6336 45.7206 44.854 44.0769 43.4845 inf inf inf inf inf inf inf inf inf inf inf inf inf inf inf inf inf inf inf inf inf inf inf 17.72 16.7631 15.8114 14.8661 13.9284 13 12.083 11.1803 10.2956 9.43398 8.60233 7.81025 7.07107 6.40312 5.83095 5.38516 5.09902 5 5.09902 5.38516 5.83095 6.40312 7.07107 7.81025 8.60233 9.43398 10.2956 
70.2655 69.2746 68.2843 67.2947 66.3059 65.318 64.3311 63.3452 62.3607 61.3776 60.3961 59.4165 58.4391 57.4642 56.4924 55.5242 54.5602 53.6015 52.6491 51.7047 50.7703 49.8489 48.9443 48.0623 47.2111 46.4031 45.6569 45 44.4721 44.2361 inf inf 38.4165 37.4391 36.4642 35.4924 34.5242 33.5602 32.6015 31.6491 30.7047 29.7703 28.8489 27.9443 27.0623 26.2111 25.4031 24.6569 24 23.4721 23.2361 inf inf 17.4642 16.4924 15.5242 14.5602 13.6015 12.6491 11.7047 10.7703 9.84886 8.94427 8.06226 7.2111 6.40312 5.65685 5 4.47214 4.12311 4 4.12311 4.47214 5 5.65685 6.40312 7.2111 8.06226 8.94427 9.84886 
70.1496 69.1548 68.1603 67.1662 66.1725 65.1794 64.1868 63.1948 62.2036 61.2132 60.2237 59.2354 58.2483 57.2627 56.2788 55.2971 54.3178 53.3417 52.3693 51.4018 50.4403 49.4868 48.544 47.6158 46.7082 45.831 45 44.2426 43.6056 43.2361 inf inf 38.2354 37.2483 36.2627 35.2788 34.2971 33.3178 32.3417 31.3693 30.4018 29.4403 28.4868 27.544 26.6158 25.7082 24.831 24 23.2426 22.6056 22.2361 inf inf 17.2627 16.2788 15.2971 14.3178 13.3417 12.3693 11.4018 10.4403 9.48683 8.544 7.61577 6.7082 5.83095 5 4.24264 3.60555 3.16228 3 3.16228 3.60555 4.24264 5 5.83095 6.7082 7.61577 8.544 9.48683 
70.0666 69.0689 68.0713 67.074 66.0768 65.0799 64.0832 63.0868 62.0907 61.095 60.0998 59.105 58.1108 57.1172 56.1245 55.1327 54.1421 53.1529 52.1655 51.1803 50.198 49.2195 48.2462 47.2801 46.3246 45.3852 44.4721 43.6056 42.8284 42.2361 inf inf 38.105 37.1108 36.1172 35.1245 34.1327 33.1421 32.1529 31.1655 30.1803 29.198 28.2195 27.2462 26.2801 25.3246 24.3852 23.4721 22.6056 21.8284 21.2361 inf inf 17.1172 16.1245 15.1327 14.1421 13.1529 12.1655 11.1803 10.198 9.21954 8.24621 7.28011 6.32456 5.38516 4.47214 3.60555 2.82843 2.23607 2 2.23607 2.82843 3.60555 4.47214 5.38516 6.32456 7.28011 8.24621 9.21954 
70.0167 69.0172 68.0179 67.0185 66.0192 65.02 64.0208 63.0217 62.0227 61.0238 60.025 59.0263 58.0278 57.0294 56.0312 55.0333 54.0357 53.0384 52.0416 51.0454 50.0499 49.0554 48.0623 47.0711 46.0828 45.099 44.1231 43.1623 42.2361 41.4142 inf inf 38.0132 37.0278 36.0294 35.0312 34.0333 33.0357 32.0384 31.0416 30.0454 29.0499 28.0554 27.0623 26.0711 25.0828 24.099 23.1231 22.1623 21.2361 20.4142 inf inf 17.0294 16.0312 15.0333 14.0357 13.0384 12.0416 11.0454 10.0499 9.05539 8.06226 7.07107 6.08276 5.09902 4.12311 3.16228 2.23607 1.41421 1 1.41421 2.23607 3.16228 4.12311 5.09902 6.08276 7.07107 8.06226 9.05539 
70 69 68 67 66 65 64 63 62 61 60 59 58 57 56 55 54 53 52 51 50 49 48 47 46 45 44 43 42 41 40 39 38 37 36 35 34 33 32 31 30 29 28 27 26 25 24 23 22 21 20 19 18 17 16 15 14 13 12 11 10 9 8 7 6 5 4 3 2 1 0 1 2 3 4 5 6 7 8 9 
70.0167 69.0172 68.0179 67.0185 66.0192 65.02 64.0208 63.0217 62.0227 61.0238 60.025 59.0263 58.0278 57.0294 56.0312 55.0333 54.0357 53.0384 52.0416 51.0454 50.0499 49.0554 48.0623 47.0711 46.0828 45.099 44.1231 43.1623 42.2361 41.4142 inf inf 38.0132 37.0278 36.0294 35.0312 34.0333 33.0357 32.0384 31.0416 30.0454 29.0499 28.0554 27.0623 26.0711 25.0828 24.099 23.1231 22.1623 21.2361 20.4142 inf inf 17.0294 16.0312 15.0333 14.0357 13.0384 12.0416 11.0454 10.0499 9.05539 8.06226 7.07107 6.08276 5.09902 4.12311 3.16228 2.23607 1.41421 1 1.41421 2.23607 3.16228 4.12311 5.09902 6.08276 7.07107 8.06226 9.05539 
70.0666 69.0689 68.0713 67.074 66.0768 65.0799 64.0832 63.0868 62.0907 61.095 60.0998 59.105 58.1108 57.1172 56.1245 55.1327 54.1421 53.1529 52.1655 51.1803 50.198 49.2195 48.2462 47.2801 46.3246 45.3852 44.4721 43.6056 42.8284 42.2361 inf inf 38.105 37.1108 36.1172 35.1245 34.1327 33.1421 32.1529 31.1655 30.1803 29.198 28.2195 27.2462 26.2801 25.3246 24.3852 23.4721 22.6056 21.8284 21.2361 inf inf 17.1172 16.1245 15.1327 14.1421 13.1529 12.1655 11.1803 10.198 9.21954 8.24621 7.28011 6.32456 5.38516 4.47214 3.60555 2.82843 2.23607 2 2.23607 2.82843 3.60555 4.47214 5.38516 6.32456 7.28011 8.24621 9.21954 
70.1496 69.1548 68.1603 67.1662 66.1725 65.1794 64.1868 63.1948 62.2036 61.2132 60.2237 59.2354 58.2483 57.2627 56.2788 55.2971 54.3178 53.3417 52.3693 51.4018 50.4403 49.4868 48.544 47.6158 46.7082 45.831 45 44.2426 43.6056 43.2361 inf inf 38.2354 37.2483 36.2627 35.2788 34.2971 33.3178 32.3417 31.3693 30.4018 29.4403 28.4868 27.544 26.6158 25.7082 24.831 24 23.2426 22.6056 22.2361 inf inf 17.2627 16.2788 15.2971 14.3178 13.3417 12.3693 11.4018 10.4403 9.48683 8.544 7.61577 6.7082 5.83095 5 4.24264 3.60555 3.16228 3 3.16228 3.60555 4.24264 5 5.83095 6.7082 7.61577 8.544 9.48683 
70.2655 69.2746 68.2843 67.2947 66.3059 65.318 64.3311 63.3452 62.3607 61.3776 60.3961 59.4165 58.4391 57.4642 56.4924 55.5242 54.5602 53.6015 52.6491 51.7047 50.7703 49.8489 48.9443 48.0623 47.2111 46.4031 45.6569 45 44.4721 44.2361 inf inf 38.4165 37.4391 36.4642 35.4924 34.5242 33.5602 32.6015 31.6491 30.7047 29.7703 28.8489 27.9443 27.0623 26.2111 25.4031 24.6569 24 23.4721 23.2361 inf inf 17.4642 16.4924 15.5242 14.5602 13.6015 12.6491 11.7047 10.7703 9.84886 8.94427 8.06226 7.2111 6.40312 5.65685 5 4.47214 4.12311 4 4.12311 4.47214 5 5.65685 6.40312 7.2111 8.06226 8.94427 9.84886 
70.4138 69.4279 68.4429 67.4591 66.4764 65.4951 64.5153 63.5372 62.561 61.587 60.6155 59.6469 58.6815 57.72 56.7631 55.8114 54.8661 53.9284 53 52.083 51.1803 50.2956 49.434 48.5286 47.573 46.6336 45.7206 44.854 44.0769 43.4845 inf inf inf inf inf inf inf inf inf inf inf inf inf inf inf inf inf inf inf inf inf inf inf 17.72 16.7631 15.8114 14.8661 13.9284 13 12.083 11.1803 10.2956 9.43398 8.60233 7.81025 7.07107 6.40312 5.83095 5.38516 5.09902 5 5.09902 5.38516 5.83095 6.40312 7.07107 7.81025 8.60233 9.43398 10.2956 
70.5941 69.6142 68.6356 67.6586 66.6833 65.7099 64.7386 63.7697 62.8035 61.8403 60.8806 59.9249 58.9737 58.0278 57.088 56.1555 55.2315 54.2869 53.2901 52.2938 51.2983 50.3038 49.3107 48.3195 47.3312 46.3475 45.3716 44.4107 43.4845 42.6627 inf inf inf inf inf inf inf inf inf inf inf inf inf inf inf inf inf inf inf inf inf inf inf 18.0278 17.088 16.1555 15.2315 14.3178 13.4164 12.53 11.6619 10.8167 10 9.21954 8.48528 7.81025 7.2111 6.7082 6.32456 6.08276 6 6.08276 6.32456 6.7082 7.2111 7.81025 8.48528 9.21954 10 10.8167 
70.8058 69.8329 68.8617 67.8927 66.9258 65.9615 65 64.0416 63.0868 62.1359 61.1896 60.2485 59.2485 58.2485 57.2485 56.2485 55.2485 54.2485 53.2485 52.2485 51.2485 50.2485 49.2485 48.2485 47.2485 46.2485 45.2485 44.2485 43.2485 42.2485 41.2485 40.2485 39.2485 38.2485 37.2485 36.2485 35.2485 34.2485 33.2485 32.2485 31.2485 30.2485 29.2485 28.2485 27.2485 26.2485 25.2485 24.2485 23.2485 22.2485 21.2485 20.2485 19.3132 18.3848 17.4642 16.5529 15.6525 14.7648 13.8924 13.0384 12.2066 11.4018 10.6301 9.89949 9.21954 8.60233 8.06226 7.61577 7.28011 7.07107 7 7.07107 7.28011 7.61577 8.06226 8.60233 9.21954 9.89949 10.6301 11.4018 
71.0483 70.0832 69.1204 68.1603 67.2029 66.2488 65.2596 64.2598 63.2601 62.2604 61.2607 60.261 59.2613 58.2616 57.262 56.2623 55.2627 54.2632 53.2636 52.2641 51.2646 50.2651 49.2657 48.2663 47.267 46.2677 45.2684 44.2693 43.2702 42.2712 41.2723 40.2734 39.2748 38.2762 37.2778 36.2797 35.2818 34.2841 33.2869 32.2901 31.2938 30.2983 29.3038 28.3107 27.3195 26.3312 25.3475 24.3716 23.4094 22.4722 21.5407 20.6155 19.6977 18.7883 17.8885 17 16.1245 15.2643 14.4222 13.6015 12.8062 12.0416 11.3137 10.6301 10 9.43398 8.94427 8.544 8.24621 8.06226 8 8.06226 8.24621 8.544 8.94427 9.43398 10 10.6301 11.3137 12.0416 
71.2877 70.2884 69.2893 68.2901 67.291 66.2919 65.2929 64.2939 63.2949 62.296 61.2972 60.2984 59.2997 58.3011 57.3025 56.304 55.3056 54.3072 53.309 52.3109 51.3129 50.315 49.3173 48.3198 47.3224 46.3253 45.3283 44.3316 43.3352 42.3392 41.3435 40.3482 39.3534 38.3592 37.3657 36.373 35.3812 34.3906 33.4014 32.414 31.4288 30.4465 29.468 28.4947 27.5286 26.5707 25.632 24.6982 23.7697 22.8473 21.9317 21.0238 20.1246 19.2354 18.3576 17.4929 16.6433 15.8114 15 14.2127 13.4536 12.7279 12.0416 11.4018 10.8167 10.2956 9.84886 9.48683 9.21954 9.05539 9 9.05539 9.21954 9.48683 9.84886 10.2956 10.8167 11.4018 12.0416 12.7279 
71.3366 70.3384 69.3402 68.3421 67.3441 66.3462 65.3483 64.3506 63.353 62.3555 61.3581 60.3608 59.3637 58.3667 57.3699 56.3732 55.3768 54.3806 53.3845 52.3888 51.3933 50.3981 49.4032 48.4087 47.4146 46.421 45.4278 44.4352 43.4433 42.4521 41.4617 40.4722 39.4838 38.4967 37.5111 36.5273 35.5455 34.5663 33.5901 32.6178 31.6502 30.6888 29.7353 28.7924 27.8568 26.9258 26 25.0799 24.1661 23.2594 22.3607 21.4709 20.5913 19.7231 18.868 18.0278 17.2047 16.4012 15.6205 14.8661 14.1421 13.4536 12.8062 12.2066 11.6619 11.1803 10.7703 10.4403 10.198 10.0499 10 10.0499 10.198 10.4403 10.7703 11.1803 11.6619 12.2066 12.8062 13.4536 
71.4051 70.4082 69.4115 68.4148 67.4184 66.422 65.4259 64.4299 63.4341 62.4385 61.4431 60.448 59.453 58.4584 57.464 56.47 55.4763 54.4829 53.49 52.4975 51.5055 50.5139 49.523 48.5327 47.5431 46.5543 45.5664 44.5795 43.5937 42.6091 41.626 40.6445 39.6649 38.6875 37.7127 36.7409 35.7726 34.8087 33.8499 32.8976 31.9531 31.0161 30.0832 29.1548 28.2312 27.313 26.4008 25.4951 24.5967 23.7065 22.8254 21.9545 21.095 20.2485 19.4165 18.6011 17.8045 17.0294 16.2788 15.5563 14.8661 14.2127 13.6015 13.0384 12.53 12.083 11.7047 11.4018 11.1803 11.0454 11 11.0454 11.1803 11.4018 11.7047 12.083 12.53 13.0384 13.6015 14.2127 
71.493 70.4978 69.5029 68.5082 67.5137 66.5194 65.5254 64.5316 63.5382 62.545 61.5522 60.5597 59.5677 58.576 57.5848 56.594 55.6038 54.6141 53.6251 52.6367 51.6491 50.6623 49.6763 48.6914 47.7075 46.7249 45.7436 44.7638 43.7857 42.8095 41.8355 40.864 39.8953 38.93 37.9685 37.0115 36.0598 35.1141 34.176 33.2415 32.311 31.3847 30.4631 29.5466 28.6356 27.7308 26.8328 25.9422 25.0599 24.1868 23.3238 22.4722 21.6333 20.8087 20 19.2094 18.4391 17.6918 16.9706 16.2788 15.6205 15 14.4222 13.8924 13.4164 13 12.6491 12.3693 12.1655 12.0416 12 12.0416 12.1655 12.3693 12.6491 13 13.4164 13.8924 14.4222 15 
71.6002 70.6072 69.6144 68.622 67.6299 66.6381 65.6467 64.6557 63.665 62.6749 61.6852 60.696 59.7073 58.7192 57.7318 56.745 55.759 54.7738 53.7895 52.8061 51.8238 50.8426 49.8626 48.8841 47.9071 46.9318 45.9584 44.9871 44.0182 43.052 42.0888 41.1291 40.1733 39.2221 38.2753 37.3363 36.4005 35.4683 34.5398 33.6155 32.6956 31.7805 30.8707 29.9666 29.0689 28.178 27.2947 26.4197 25.5539 24.6982 23.8537 23.0217 22.2036 21.4009 20.6155 19.8494 19.105 18.3848 17.6918 17.0294 16.4012 15.8114 15.2643 14.7648 14.3178 13.9284 13.6015 13.3417 13.1529 13.0384 13 13.0384 13.1529 13.3417 13.6015 13.9284 14.3178 14.7648 15.2643 15.8114 
71.7266 70.7361 69.7459 68.7562 67.7669 66.778 65.7896 64.8018 63.8145 62.8278 61.8417 60.8563 59.8717 58.8878 57.9048 56.9227 55.9416 54.9616 53.9827 53.0051 52.029 51.0543 50.0813 49.1102 48.1411 47.1743 46.21 45.2485 44.2901 43.3352 42.3844 41.4381 40.4969 39.5601 38.6264 37.6962 36.7696 35.8469 34.9285 34.0147 33.1059 32.2025 31.305 30.4138 29.5296 28.6531 27.7849 26.9258 26.0768 25.2389 24.4131 23.6008 22.8035 22.0227 21.2603 20.5183 19.799 19.105 18.4391 17.8045 17.2047 16.6433 16.1245 15.6525 15.2315 14.8661 14.5602 14.3178 14.1421 14.0357 14 14.0357 14.1421 14.3178 14.5602 14.8661 15.2315 15.6525 16.1245 16.6433 
71.8721 70.8844 69.8972 68.9106 67.9244 66.9389 65.954 64.9698 63.9863 63.0036 62.0217 61.0406 60.0605 59.0814 58.1034 57.1266 56.1511 55.177 54.2043 53.2333 52.2641 51.2968 50.3317 49.3689 48.4087 47.4514 46.4973 45.5467 44.6 43.6578 42.72 41.7852 40.8534 39.9249 39 38.0789 37.1618 36.2491 35.3412 34.4384 33.541 32.6497 31.7648 30.8869 30.0167 29.1548 28.3019 27.4591 26.6271 25.807 25 24.2074 23.4307 22.6716 21.9317 21.2132 20.5183 19.8494 19.2094 18.6011 18.0278 17.4929 17 16.5529 16.1555 15.8114 15.5242 15.2971 15.1327 15.0333 15 15.0333 15.1327 15.2971 15.5242 15.8114 16.1555 16.5529 17 17.4929 
72.0365 71.052 70.0681 69.0849 68.1024 67.1206 66.1396 65.1595 64.1802 63.2019 62.2246 61.2485 60.2734 59.2997 58.3273 57.3564 56.3871 55.4195 54.4537 53.49 52.5285 51.5694 50.6129 49.6593 48.709 47.7621 46.8188 45.8803 44.9444 44.0114 43.0813 42.1545 41.2311 40.3113 39.3954 38.4838 37.5766 36.6742 35.7771 34.8855 34 33.121 32.249 31.3847 30.5287 29.6816 28.8444 28.0179 27.2029 26.4008 25.6125 24.8395 24.0832 23.3452 22.6274 21.9317 21.2603 20.6155 20 19.4165 18.868 18.3576 17.8885 17.4642 17.088 16.7631 16.4924 16.2788 16.1245 16.0312 16 16.0312 16.1245 16.2788 16.4924 16.7631 17.088 17.4642 17.8885 18.3576 
72.2196 71.2387 70.2585 69.2791 68.3005 67.3229 66.3462 65.3705 64.3959 63.4225 62.4504 61.4795 60.5101 59.5422 58.576 57.6115 56.649 55.6885 54.7303 53.7746 52.8215 51.8712 50.9242 49.9806 49.0408 48.1041 47.1699 46.2385 45.31 44.3847 43.4626 42.5441 41.6293 40.7185 39.8121 38.9102 38.0132 37.1214 36.2353 35.3553 34.4819 33.6155 32.7567 31.9061 31.0644 30.2324 29.4109 28.6007 27.8029 27.0185 26.2488 25.4951 24.7588 24.0416 23.3452 22.6716 22.0227 21.4009 20.8087 20.2485 19.7231 19.2354 18.7883 18.3848 18.0278 17.72 17.4642 17.2627 17.1172 17.0294 17 17.0294 17.1172 17.2627 17.4642 17.72 18.0278 18.3848 18.7883 19.2354 
72.4212 71.4442 70.468 69.4927 68.5185 67.5454 66.5734 65.6026 64.6331 63.665 62.6984 61.7334 60.7701 59.8085 58.849 57.8915 56.9363 55.9836 55.0335 54.0863 53.1422 52.2015 51.264 50.3289 49.3964 48.4665 47.5395 46.6154 45.6946 44.7772 43.8634 42.9535 42.0476 41.1461 40.2492 39.3573 38.4708 37.5899 36.7151 35.8469 34.9857 34.1321 33.2866 32.45 31.6228 30.8058 30 29.2062 28.4253 27.6586 26.9072 26.1725 25.4558 24.7588 24.0832 23.4307 22.8035 22.2036 21.6333 21.095 20.5913 20.1246 19.6977 19.3132 18.9737 18.6815 18.4391 18.2483 18.1108 18.0278 18 18.0278 18.1108 18.2483 18.4391 18.6815 18.9737 19.3132 19.6977 20.1246 
72.6412 71.6683 70.6964 69.7257 68.7562 67.7879 66.821 65.8555 64.8915 63.9291 62.9685 62.0097 61.0529 60.0982 59.1458 58.1958 57.2485 56.304 55.3624 54.4243 53.4883 52.5547 51.6236 50.6952 49.7695 48.8467 47.927 47.0106 46.0977 45.1885 44.2832 43.382 42.4853 41.5933 40.7063 39.8246 38.9487 38.0789 37.2156 36.3593 35.5106 34.6699 33.8378 33.0151 32.2025 31.4006 30.6105 29.8329 29.0689 28.3196 27.5862 26.8701 26.1725 25.4951 24.8395 24.2074 23.6008 23.0217 22.4722 21.9545 21.4709 21.0238 20.6155 20.2485 19.9249 19.6469 19.4165 19.2354 19.105 19.0263 19 19.0263 19.105 19.2354 19.4165 19.6469 19.9249 20.2485 20.6155 21.0238 
72.8792 71.9108 70.9436 69.9777 69.0132 68.0501 67.0886 66.1287 65.1706 64.2144 63.2601 62.3079 61.3581 60.4106 59.4658 58.5235 57.5847 56.648 55.7136 54.7814 53.8516 52.9245 52 51.0784 50.1597 49.2443 48.3322 47.4236 46.5188 45.618 44.7214 43.8292 42.9418 42.0595 41.1825 40.3113 39.4462 38.5876 37.7359 36.8917 36.0555 35.2278 34.4093 33.6006 32.8024 32.0156 31.241 30.4795 29.7321 29 28.2843 27.5862 26.9072 26.2488 25.6125 25 24.4131 23.8537 23.3238 22.8254 22.3607 21.9317 21.5407 21.1896 20.8806 20.6155 20.3961 20.2237 20.0998 20.025 20 20.025 20.0998 20.2237 20.3961 20.6155 20.8806 21.1896 21.5407 21.9317 
73.1351 72.1715 71.2092 70.2485 69.2893 68.3317 67.3759 66.422 65.4701 64.5203 63.5728 62.6277 61.6852 60.7454 59.808 58.8727 57.9396 57.0088 56.0803 55.1543 54.231 53.3104 52.3927 51.4782 50.5668 49.6588 48.7545 47.8539 46.9574 46.0652 45.1774 44.2945 43.4166 42.5441 41.6773 40.8167 39.9625 39.1152 38.2753 37.4433 36.6197 35.805 35 34.2053 33.4215 32.6497 31.8904 31.1448 30.4138 29.6985 29 28.3196 27.6586 27.0185 26.4008 25.807 25.2389 24.6982 24.1868 23.7065 23.2594 22.8473 22.4722 22.1359 21.8403 21.587 21.3776 21.2132 21.095 21.0238 21 21.0238 21.095 21.2132 21.3776 21.587 21.8403 22.1359 22.4722 22.8473 
73.4086 72.45 71.493 70.5376 69.584 68.6323 67.6826 66.735 65.7896 64.8467 63.9062 62.9682 62.0322 61.0983 60.1664 59.2368 58.3095 57.3847 56.4624 55.5428 54.626 53.7122 52.8015 51.8941 50.9902 50.0899 49.1935 48.3011 47.4131 46.5296 45.6508 44.7772 43.909 43.0465 42.19 41.3401 40.4969 39.6611 38.833 38.0132 37.2022 36.4005 35.609 34.8281 34.0588 33.3017 32.5576 31.8277 31.1127 30.4138 29.7321 29.0689 28.4253 27.8029 27.2029 26.6271 26.0768 25.5539 25.0599 24.5967 24.1661 23.7697 23.4094 23.0868 22.8035 22.561 22.3607 22.2036 22.0907 22.0227 22 22.0227 22.0907 22.2036 22.3607 22.561 22.8035 23.0868 23.4094 23.7697 
73.6994 72.7461 71.7946 70.8449 69.8972 68.9516 68.0083 67.0671 66.1287 65.192 64.2573 63.3246 62.3939 61.4654 60.5392 59.6154 58.6941 57.7754 56.8595 55.9464 55.0364 54.1295 53.2259 52.3259 51.4296 50.5371 49.6488 48.7647 47.8853 47.0106 46.1411 45.2769 44.4185 43.566 42.72 41.8808 41.0488 40.2244 39.4081 38.6005 37.8021 37.0135 36.2353 35.4683 34.7131 33.9706 33.2415 32.5269 31.8277 31.1448 30.4795 29.8329 29.2062 28.6007 28.0179 27.4591 26.9258 26.4197 25.9422 25.4951 25.0799 24.6982 24.3516 24.0416 23.7697 23.5372 23.3452 23.1948 23.0868 23.0217 23 23.0217 23.0868 23.1948 23.3452 23.5372 23.7697 24.0416 24.3516 24.6982 
74.0072 73.0594 72.1137 71.17 70.2282 69.2892 68.352 67.4166 66.4831 65.5515 64.622 63.6946 62.7694 61.8466 60.9262 60.0083 59.0931 58.1808 57.2713 56.3649 55.4617 54.5619 53.6656 52.7731 51.8845 51 50.1199 49.2443 48.3735 47.5079 46.6476 45.793 44.9444 44.1022 43.2666 42.4382 41.6173 40.8044 40 39.2046 38.4187 37.6431 36.8782 36.1248 35.3836 34.6554 33.9411 33.2415 32.5576 31.8904 31.241 30.6105 30 29.4109 28.8444 28.3019 27.7849 27.2947 26.8328 26.4008 26 25.632 25.2982 25 24.7386 24.5153 24.3311 24.1868 24.0832 24.0208 24 24.0208 24.0832 24.1868 24.3311 24.5153 24.7386 25 25.2982 25.632 
