44.2844 43.3193 42.3565 41.3963 40.439 39.4849 38.5343 37.5877 36.6455 35.7083 34.7767 33.8516 32.9338 32.0244 31.1246 30.2354 29.3576 28.4929 27.6433 26.8114 26 25.2127 24.4536 23.7279 23.0416 22.4018 21.8167 21.2956 20.8489 20.4868 20.2195 20.0554 20 20.025 20.0998 20.2237 20.3961 20.6155 20.8806 21.1896 
44.0419 43.0689 42.0978 41.1287 40.1619 39.1976 38.2361 37.2777 36.3229 35.372 34.4257 33.4845 32.5493 31.6208 30.7003 29.789 28.8885 28 27.1245 26.2643 25.4222 24.6015 23.8062 23.0416 22.3137 21.6301 21 20.434 19.9443 19.544 19.2462 19.0623 19 19.0263 19.105 19.2354 19.4165 19.6469 19.9249 20.2485 
43.8302 42.8503 41.8717 40.8947 39.9194 38.946 37.9747 37.0058 36.0396 35.0764 34.1167 33.1609 32.2097 31.2638 30.3241 29.3916 28.4676 27.5539 26.6525 25.7648 24.8924 24.0384 23.2066 22.4018 21.6301 20.8995 20.2195 19.6023 19.0623 18.6158 18.2801 18.0711 18 18.0278 18.1108 18.2483 18.4391 18.6815 18.9737 19.3132 
43.6499 42.6639 41.679 40.6951 39.7125 38.7312 37.7514 36.7733 35.7971 34.8231 33.8516 32.883 31.9176 30.9561 29.9991 29.0475 28.1021 27.1645 26.2361 25.3191 24.4164 23.53 22.6619 21.8167 21 20.2195 19.4853 18.8102 18.2111 17.7082 17.3246 17.0828 17 17.0294 17.1172 17.2627 17.4642 17.72 18.0278 18.3848 
43.5016 42.5106 41.5203 40.5308 39.542 38.554 37.5671 36.5813 35.5967 34.6136 33.6321 32.6526 31.6752 30.7003 29.7285 28.7602 27.7963 26.8375 25.8852 24.9408 24.0064 23.0849 22.1803 21.2956 20.434 19.6023 18.8102 18.0711 17.4031 16.831 16.3852 16.099 16 16.0312 16.1245 16.2788 16.4924 16.7631 17.088 17.4642 
43.3857 42.3908 41.3963 40.4022 39.4086 38.4154 37.4228 36.4309 35.4397 34.4493 33.4598 32.4715 31.4844 30.4987 29.5149 28.5331 27.5539 26.5777 25.6054 24.6378 23.6764 22.7229 21.7801 20.8518 19.9443 19.0623 18.2111 17.4031 16.6569 16 15.4721 15.1231 15 15.0333 15.1327 15.2971 15.5242 15.8114 16.1555 16.5529 
43.3027 42.305 41.3074 40.31 39.3129 38.3159 37.3193 36.3229 35.3268 34.3311 33.3358 32.341 31.3468 30.3533 29.3606 28.3688 27.3782 26.389 25.4016 24.4164 23.4341 22.4556 21.4823 20.5162 19.5606 18.6212 17.7082 16.831 16 15.2426 14.6056 14.1623 14 14.0357 14.1421 14.3178 14.5602 14.8661 15.2315 15.6525 
43.2527 42.2533 41.2539 40.2546 39.2553 38.2561 37.2569 36.2578 35.2588 34.2599 33.2611 32.2624 31.2638 30.2655 29.2673 28.2694 27.2717 26.2745 25.2777 24.2814 23.2859 22.2915 21.2983 20.3071 19.3188 18.3351 17.3592 16.3983 15.4721 14.6056 13.8284 13.2361 13 13.0384 13.1529 13.3417 13.6015 13.9284 14.3178 14.7648 
43.2361 42.2361 41.2361 40.2361 39.2361 38.2361 37.2361 36.2361 35.2361 34.2361 33.2361 32.2361 31.2361 30.2361 29.2361 28.2361 27.2361 26.2361 25.2361 24.2361 23.2361 22.2361 21.2361 20.2361 19.2361 18.2361 17.2361 16.2361 15.2361 14.2361 13.2361 12.4142 12 12.0416 12.1655 12.3693 12.6491 13 13.4164 13.8924 
43.2915 42.2983 41.3071 40.3188 39.3351 38.3592 37.3983 36.4721 35.6503 inf inf inf inf inf inf inf inf inf inf inf inf inf inf inf inf inf inf inf inf inf inf inf 11 11.0454 11.1803 11.4018 11.7047 12.083 12.53 13.0384 
43.4556 42.4823 41.5162 40.5606 39.6212 38.7082 37.8416 37.0645 36.4721 inf inf inf inf inf inf inf inf inf inf inf inf inf inf inf inf inf inf inf inf inf inf inf 10 10.0499 10.198 10.4403 10.7703 11.1803 11.6619 12.2066 
43.7229 42.7801 41.8518 40.9443 40.067 39.2361 38.4787 37.8416 37.4721 inf inf 23.257 22.3035 21.3607 20.4324 19.5249 18.6433 17.8114 17 16.2127 15.4536 14.7279 14.0416 13.4018 12.8167 12.2956 11.8518 11.5162 11.3071 11.2361 inf inf 9 9.05539 9.21954 9.48683 9.84886 10.2956 10.8167 11.4018 
44.0849 43.1803 42.2983 41.4472 40.6392 39.8929 39.2361 38.7082 38.4721 inf inf 23.0147 22.0362 21.0629 20.0968 19.1412 18.2018 17.2643 16.4222 15.6015 14.8062 14.0416 13.3137 12.6301 12 11.434 10.9443 10.5606 10.3188 10.2361 inf inf 8 8.06226 8.24621 8.544 8.94427 9.43398 10 10.6301 
44.5317 43.67 42.8384 42.0463 41.3071 40.6392 40.067 39.6344 39.4721 inf inf 22.8665 21.872 20.8789 19.8877 18.8994 17.9157 16.9398 15.9789 15.0384 14.2066 13.4018 12.6301 11.8995 11.2195 10.6023 10.0623 9.62123 9.33509 9.23607 inf inf 7 7.07107 7.28011 7.61577 8.06226 8.60233 9.21954 9.89949 
45.0527 44.2361 43.4556 42.7213 42.0463 41.4472 40.9443 40.5952 40.4721 inf inf 22.8167 21.8167 20.8167 19.8167 18.8167 17.8167 16.8167 15.8167 14.8167 13.8167 12.8167 12 11.2195 10.4853 9.81025 9.2111 8.7082 8.35917 8.23607 inf inf 6 6.08276 6.32456 6.7082 7.2111 7.81025 8.48528 9.21954 
45.6378 44.8662 44.1356 43.4556 42.8384 42.2983 41.8573 41.5712 41.4721 inf inf 22.8665 21.872 20.8789 19.8877 18.8994 17.9157 16.9398 16.2309 inf inf inf 11.434 10.6023 9.81025 9.07107 8.40312 7.83095 7.39835 7.23607 inf inf 5 5.09902 5.38516 5.83095 6.40312 7.07107 7.81025 8.60233 
46.2777 45.5498 44.8662 44.2361 43.67 43.1803 42.7967 42.5549 42.4721 inf inf 23.0147 22.0362 21.0629 20.2018 19.2888 18.4222 17.6451 17.0527 inf inf inf 10.9443 10.0623 9.2111 8.40312 7.65685 7 6.47214 6.23607 inf inf 4 4.12311 4.47214 5 5.65685 6.40312 7.2111 8.06226 
46.964 46.2777 45.6378 45.0527 44.5317 44.0879 43.7522 43.5432 43.4721 inf inf 23.3607 22.4324 21.5249 20.6476 19.8167 19.0593 18.4222 18.0527 inf inf inf 10.544 9.61577 8.7082 7.83095 7 6.24264 5.60555 5.23607 inf inf 3 3.16228 3.60555 4.24264 5 5.83095 6.7082 7.61577 
47.6897 47.0423 46.4426 45.898 45.4164 45.0161 44.7183 44.5344 44.4721 inf inf 23.7609 22.8789 22.0278 21.2198 20.4735 19.8167 19.2888 19.0527 inf inf inf 10.198 9.21954 8.24621 7.38516 6.47214 5.60555 4.82843 4.23607 inf inf 2 2.23607 2.82843 3.60555 4.47214 5.38516 6.32456 7.28011 
48.4487 47.8375 47.2745 46.766 46.321 45.959 45.6917 45.5275 45.4721 inf inf 24.2506 23.419 22.6269 21.8877 21.2198 20.6476 20.215 20.0527 inf inf inf 10.0499 9.05539 8.06226 7.07107 6.08276 5.09902 4.12311 3.41421 inf inf 1 1.41421 2.23607 3.16228 4.12311 5.09902 6.08276 7.07107 
49.2361 48.6583 48.1285 47.6525 47.2425 46.9124 46.6702 46.522 46.4721 inf inf 24.8167 24.0362 23.3019 22.6269 22.0278 21.5249 21.1758 21.0527 inf inf inf 10 9 8 7 6 5 4 3 2 1 0 1 2 3 4 5 6 7 
48.4487 47.8375 47.2745 46.766 46.321 45.959 45.6917 45.5275 45.4721 inf inf 24.2506 23.419 22.6269 21.8877 21.2198 20.6476 20.215 20.0527 inf inf inf 10.0499 9.05539 8.06226 7.07107 6.08276 5.09902 4.12311 3.41421 inf inf 1 1.41421 2.23607 3.16228 4.12311 5.09902 6.08276 7.07107 
47.6897 47.0423 46.4426 45.898 45.4164 45.0161 44.7183 44.5344 44.4721 inf inf 23.7609 22.8789 22.0278 21.2198 20.4735 19.8167 19.2888 19.0527 inf inf inf 10.198 9.21954 8.24621 7.38516 6.47214 5.60555 4.82843 4.23607 inf inf 2 2.23607 2.82843 3.60555 4.47214 5.38516 6.32456 7.28011 
46.964 46.2777 45.6378 45.0527 44.5317 44.0879 43.7522 43.5432 43.4721 inf inf 23.3607 22.4324 21.5249 20.6476 19.8167 19.0593 18.4222 18.0527 inf inf inf 10.544 9.61577 8.7082 7.83095 7 6.24264 5.60555 5.23607 inf inf 3 3.16228 3.60555 4.24264 5 5.83095 6.7082 7.61577 
46.2777 45.5498 44.8662 44.2361 43.67 43.1803 42.7967 42.5549 42.4721 inf inf 23.0147 22.0362 21.0629 20.2018 19.2888 18.4222 17.6451 17.0527 inf inf inf 10.9443 10.0623 9.2111 8.40312 7.65685 7 6.47214 6.23607 inf inf 4 4.12311 4.47214 5 5.65685 6.40312 7.2111 8.06226 
45.6378 44.8662 44.1356 43.4556 42.8384 42.2983 41.8573 41.5712 41.4721 inf inf 22.8665 21.872 20.8789 19.8877 18.8994 17.9157 16.9398 16.2309 inf inf inf 11.434 10.6023 9.81025 9.07107 8.40312 7.83095 7.39835 7.23607 inf inf 5 5.09902 5.38516 5.83095 6.40312 7.07107 7.81025 8.60233 
45.0527 44.2361 43.4556 42.7213 42.0463 41.4472 40.9443 40.5952 40.4721 inf inf 22.8167 21.8167 20.8167 19.8167 18.8167 17.8167 16.8167 15.8167 14.8167 13.8167 12.8167 12 11.2195 10.4853 9.81025 9.2111 8.7082 8.35917 8.23607 inf inf 6 6.08276 6.32456 6.7082 7.2111 7.81025 8.48528 9.21954 
44.5317 43.67 42.8384 42.0463 41.3071 40.6392 40.067 39.6344 39.4721 inf inf 22.8665 21.872 20.8789 19.8877 18.8994 17.9157 16.9398 15.9789 15.0384 14.2066 13.4018 12.6301 11.8995 11.2195 10.6023 10.0623 9.62123 9.33509 9.23607 inf inf 7 7.07107 7.28011 7.61577 8.06226 8.60233 9.21954 9.89949 
44.0849 43.1803 42.2983 41.4472 40.6392 39.8929 39.2361 38.7082 38.4721 inf inf 23.0147 22.0362 21.0629 20.0968 19.1412 18.2018 17.2643 16.4222 15.6015 14.8062 14.0416 13.3137 12.6301 12 11.434 10.9443 10.5606 10.3188 10.2361 inf inf 8 8.06226 8.24621 8.544 8.94427 9.43398 10 10.6301 
43.7229 42.7801 41.8518 40.9443 40.067 39.2361 38.4787 37.8416 37.4721 inf inf 23.257 22.3035 21.3607 20.4324 19.5249 18.6433 17.8114 17 16.2127 15.4536 14.7279 14.0416 13.4018 12.8167 12.2956 11.8518 11.5162 11.3071 11.2361 inf inf 9 9.05539 9.21954 9.48683 9.84886 10.2956 10.8167 11.4018 
43.4556 42.4823 41.5162 40.5606 39.6212 38.7082 37.8416 37.0645 36.4721 inf inf inf inf inf inf inf inf inf inf inf inf inf inf inf inf inf inf inf inf inf inf inf 10 10.0499 10.198 10.4403 10.7703 11.1803 11.6619 12.2066 
43.2915 42.2983 41.3071 40.3188 39.3351 38.3592 37.3983 36.4721 35.6503 inf inf inf inf inf inf inf inf inf inf inf inf inf inf inf inf inf inf inf inf inf inf inf 11 11.0454 11.1803 11.4018 11.7047 12.083 12.53 13.0384 
43.2361 42.2361 41.2361 40.2361 39.2361 38.2361 37.2361 36.2361 35.2361 34.2361 33.2361 32.2361 31.2361 30.2361 29.2361 28.2361 27.2361 26.2361 25.2361 24.2361 23.2361 22.2361 21.2361 20.2361 19.2361 18.2361 17.2361 16.2361 15.2361 14.2361 13.2361 12.4142 12 12.0416 12.1655 12.3693 12.6491 13 13.4164 13.8924 
43.2527 42.2533 41.2539 40.2546 39.2553 38.2561 37.2569 36.2578 35.2588 34.2599 33.2611 32.2624 31.2638 30.2655 29.2673 28.2694 27.2717 26.2745 25.2777 24.2814 23.2859 22.2915 21.2983 20.3071 19.3188 18.3351 17.3592 16.3983 15.4721 14.6056 13.8284 13.2361 13 13.0384 13.1529 13.3417 13.6015 13.9284 14.3178 14.7648 
43.3027 42.305 41.3074 40.31 39.3129 38.3159 37.3193 36.3229 35.3268 34.3311 33.3358 32.341 31.3468 30.3533 29.3606 28.3688 27.3782 26.389 25.4016 24.4164 23.4341 22.4556 21.4823 20.5162 19.5606 18.6212 17.7082 16.831 16 15.2426 14.6056 14.1623 14 14.0357 14.1421 14.3178 14.5602 14.8661 15.2315 15.6525 
43.3857 42.3908 41.3963 40.4022 39.4086 38.4154 37.4228 36.4309 35.4397 34.4493 33.4598 32.4715 31.4844 30.4987 29.5149 28.5331 27.5539 26.5777 25.6054 24.6378 23.6764 22.7229 21.7801 20.8518 19.9443 19.0623 18.2111 17.4031 16.6569 16 15.4721 15.1231 15 15.0333 15.1327 15.2971 15.5242 15.8114 16.1555 16.5529 
43.5016 42.5106 41.5203 40.5308 39.542 38.554 37.5671 36.5813 35.5967 34.6136 33.6321 32.6526 31.6752 30.7003 29.7285 28.7602 27.7963 26.8375 25.8852 24.9408 24.0064 23.0849 22.1803 21.2956 20.434 19.6023 18.8102 18.0711 17.4031 16.831 16.3852 16.099 16 16.0312 16.1245 16.2788 16.4924 16.7631 17.088 17.4642 
43.6499 42.6639 41.679 40.6951 39.7125 38.7312 37.7514 36.7733 35.7971 34.8231 33.8516 32.883 31.9176 30.9561 29.9991 29.0475 28.1021 27.1645 26.2361 25.3191 24.4164 23.53 22.6619 21.8167 21 20.2195 19.4853 18.8102 18.2111 17.7082 17.3246 17.0828 17 17.0294 17.1172 17.2627 17.4642 17.72 18.0278 18.3848 
43.8302 42.8503 41.8717 40.8947 39.9194 38.946 37.9747 37.0058 36.0396 35.0764 34.1167 33.1609 32.2097 31.2638 30.3241 29.3916 28.4676 27.5539 26.6525 25.7648 24.8924 24.0384 23.2066 22.4018 21.6301 20.8995 20.2195 19.6023 19.0623 18.6158 18.2801 18.0711 18 18.0278 18.1108 18.2483 18.4391 18.6815 18.9737 19.3132 
44.0419 43.0689 42.0978 41.1287 40.1619 39.1976 38.2361 37.2777 36.3229 35.372 34.4257 33.4845 32.5493 31.6208 30.7003 29.789 28.8885 28 27.1245 26.2643 25.4222 24.6015 23.8062 23.0416 22.3137 21.6301 21 20.434 19.9443 19.544 19.2462 19.0623 19 19.0263 19.105 19.2354 19.4165 19.6469 19.9249 20.2485 
