0.1,5.50752,57.473,0.268734,-0.963215
0.2,5.51707,57.427,0.242474,-0.970158
0.3,5.52637,57.3662,0.214104,-0.976811
0.4,5.53654,57.2937,0.202933,-0.979193
0.5,5.54645,57.2122,0.189444,-0.981892
0.6,5.55592,57.1239,0.178743,-0.983896
0.7,5.56474,57.0302,0.169146,-0.985591
0.8,5.57302,56.9324,0.162002,-0.98679
0.9,5.58024,56.8326,0.153982,-0.988074
1,5.58632,56.7315,0.146357,-0.989232
1.1,5.59259,56.6297,0.146911,-0.98915
1.2,5.59681,56.5277,0.135053,-0.990838
1.3,5.60263,56.4271,0.145413,-0.989371
1.4,5.60825,56.3248,0.142958,-0.989729
1.5,5.6159,56.2251,0.156882,-0.987617
1.6,5.62337,56.1222,0.153124,-0.988207
1.7,5.63225,56.0182,0.160027,-0.987113
1.8,5.64498,55.9151,0.182612,-0.983185
1.9,5.65887,55.8119,0.188834,-0.982009
2,5.67232,55.7077,0.185484,-0.982647
2.1,5.68733,55.6057,0.19651,-0.980502
2.2,5.70042,55.5019,0.18397,-0.982932
2.3,5.71225,55.3959,0.174829,-0.984599
2.4,5.72224,55.2878,0.162728,-0.986671
2.5,5.73199,55.1773,0.159426,-0.98721
2.6,5.7398,55.0642,0.146811,-0.989165
2.7,5.74891,54.9481,0.151359,-0.988479
2.8,5.75621,54.8278,0.138747,-0.990328
2.9,5.76603,54.7042,0.149201,-0.988807
3,5.77414,54.578,0.138863,-0.990312
3.1,5.78326,54.4516,0.143747,-0.989614
3.2,5.79338,54.3243,0.148134,-0.988967
3.3,5.80551,54.197,0.158126,-0.987419
3.4,5.82045,54.0692,0.171668,-0.985155
3.5,5.83916,53.9408,0.189467,-0.981887
3.6,5.86225,53.8114,0.209514,-0.977806
3.7,5.89019,53.6807,0.231023,-0.972948
3.8,5.92289,53.549,0.25171,-0.967803
3.9,5.96109,53.4215,0.282012,-0.959411
4,5.99142,53.2874,0.238223,-0.97121
4.1,6.02512,53.1572,0.258275,-0.966071
4.2,6.06214,53.0328,0.2807,-0.959795
4.3,6.10075,52.9124,0.293813,-0.955863
4.4,6.13989,52.7951,0.300805,-0.953686
4.5,6.17889,52.6806,0.304164,-0.95262
4.6,6.21724,52.5681,0.304151,-0.952624
4.7,6.25559,52.4577,0.307483,-0.951553
4.8,6.29124,52.3496,0.29786,-0.954609
4.9,6.32656,52.236,0.28779,-0.957694
5,6.36812,52.172,0.419001,-0.907986
5.1,6.44711,52.0748,0.511877,-0.859059
5.2,6.51074,51.9646,0.422152,-0.906525
5.3,6.56625,51.8576,0.393039,-0.919522
5.4,6.61673,51.758,0.3844,-0.923167
5.5,6.66367,51.6512,0.35413,-0.935196
5.6,6.71642,51.578,0.454489,-0.890752
5.7,6.75266,51.4922,0.339298,-0.940679
5.8,6.78949,51.4091,0.347667,-0.937618
5.9,6.82289,51.3188,0.315191,-0.949028
6,6.85649,51.2258,0.311576,-0.950221
6.1,6.89552,51.1442,0.362782,-0.931874
6.2,6.9308,51.0567,0.33062,-0.943764
6.3,6.96338,50.9649,0.308059,-0.951367
6.4,6.99504,50.8709,0.299223,-0.954183
6.5,7.02694,50.776,0.298948,-0.954269
6.6,7.05922,50.6795,0.298487,-0.954414
6.7,7.09231,50.5817,0.300499,-0.953782
6.8,7.12604,50.4819,0.300537,-0.95377
6.9,7.16033,50.3798,0.299627,-0.954056
7,7.19491,50.275,0.296816,-0.954935
7.1,7.22996,50.1678,0.295518,-0.955337
7.2,7.26527,50.0582,0.293058,-0.956095
7.3,7.30081,49.9462,0.290511,-0.956872
7.4,7.33643,49.8316,0.287268,-0.95785
7.5,7.37187,49.7146,0.282745,-0.959195
7.6,7.407,49.5965,0.27985,-0.960044
7.7,7.44092,49.477,0.272097,-0.96227
7.8,7.47316,49.3559,0.262019,-0.965063
7.9,7.50353,49.2332,0.251123,-0.967955
8,7.53204,49.1092,0.240542,-0.970639
8.1,7.55889,48.9837,0.231035,-0.972945
8.2,7.58438,48.8569,0.223053,-0.974806
8.3,7.60882,48.7288,0.216712,-0.976236
8.4,7.63276,48.5998,0.213352,-0.976975
8.5,7.65616,48.47,0.209951,-0.977712
8.6,7.679,48.3393,0.206507,-0.978445
8.7,7.70141,48.2081,0.203986,-0.978974
8.8,7.72309,48.0772,0.200863,-0.979619
8.9,7.7445,47.9469,0.200206,-0.979754
9,7.76489,47.8188,0.197521,-0.980299
9.1,7.78588,47.692,0.201601,-0.979468
9.2,7.80636,47.5691,0.203165,-0.979145
9.3,7.82815,47.4458,0.209256,-0.977861
9.4,7.8522,47.3309,0.229918,-0.97321
9.5,7.87762,47.2122,0.232252,-0.972656
9.6,7.9089,47.1028,0.273641,-0.961832
9.7,7.93938,46.9883,0.262645,-0.964893
9.8,7.97339,46.8787,0.287019,-0.957925
9.9,8.00623,46.7668,0.277944,-0.960597
10,8.03986,46.6545,0.281218,-0.959644
10.1,8.0732,46.5415,0.278675,-0.960385
10.2,8.10701,46.4282,0.280632,-0.959816
10.3,8.14047,46.3158,0.280202,-0.959941
10.4,8.17463,46.2031,0.283269,-0.95904
10.5,8.20349,46.0923,0.259464,-0.965753
10.6,8.23534,45.9794,0.271564,-0.96242
10.7,8.2663,45.865,0.26513,-0.964213
10.8,8.2971,45.7486,0.26166,-0.96516
10.9,8.32554,45.6303,0.247554,-0.968874
11,8.35347,45.5103,0.243066,-0.97001
11.1,8.37936,45.3896,0.232283,-0.972648
11.2,8.40639,45.2677,0.236408,-0.971654
11.3,8.43291,45.1464,0.234652,-0.972079
11.4,8.46047,45.0299,0.245634,-0.969363
11.5,8.48995,44.914,0.255907,-0.966701
11.6,8.4951,44.8251,0.152948,-0.988234
11.7,8.54861,44.7489,0.451035,-0.892506
11.8,8.58638,44.6252,0.284948,-0.958543
11.9,8.63567,44.5185,0.365254,-0.930908
12,8.69051,44.4209,0.408784,-0.912631
12.1,8.74163,44.3303,0.405668,-0.91402
12.2,8.7921,44.2415,0.406427,-0.913683
12.3,8.84243,44.1552,0.411207,-0.911542
12.4,8.89387,44.0702,0.419352,-0.907824
12.5,8.94647,43.9858,0.426443,-0.904515
12.6,9.00115,43.902,0.437975,-0.898987
12.7,9.05726,43.8178,0.443563,-0.896243
12.8,9.11545,43.7329,0.451887,-0.892075
12.9,9.17578,43.6473,0.459714,-0.888067
13,9.23852,43.5601,0.467028,-0.884243
13.1,9.30392,43.472,0.476377,-0.879241
13.2,9.37133,43.3819,0.48049,-0.877
13.3,9.44095,43.2903,0.486112,-0.873897
13.4,9.51232,43.1968,0.488787,-0.872403
13.5,9.58316,43.1021,0.484001,-0.875067
13.6,9.65337,43.0062,0.478366,-0.87816
13.7,9.72347,42.9094,0.475962,-0.879466
13.8,9.79319,42.8119,0.472511,-0.881325
13.9,9.86223,42.7134,0.467535,-0.883975
14,9.92962,42.6147,0.460146,-0.887843
14.1,9.99538,42.5161,0.453259,-0.891379
14.2,10.0556,42.4181,0.430422,-0.902628
14.3,10.1122,42.319,0.411639,-0.911347
14.4,10.1657,42.2197,0.397136,-0.91776
14.5,10.2168,42.1197,0.384424,-0.923156
14.6,10.2656,42.0198,0.373873,-0.92748
14.7,10.3124,41.9197,0.36332,-0.931664
14.8,10.3571,41.8198,0.35381,-0.935317
14.9,10.4001,41.7202,0.345935,-0.938258
15,10.4419,41.621,0.340576,-0.940217
15.1,10.4829,41.5219,0.336814,-0.941571
15.2,10.5233,41.423,0.33433,-0.942456
15.3,10.5634,41.324,0.332598,-0.943069
15.4,10.6033,41.225,0.331093,-0.943598
15.5,10.6431,41.1258,0.330575,-0.94378
15.6,10.6827,41.0261,0.328533,-0.944493
15.7,10.722,40.9257,0.325864,-0.945417
15.8,10.761,40.8246,0.322906,-0.946431
15.9,10.7996,40.7228,0.319897,-0.947452
16,10.8379,40.6203,0.317185,-0.948363
16.1,10.8759,40.5174,0.314971,-0.949101
16.2,10.9136,40.4139,0.312355,-0.949966
16.3,10.951,40.3097,0.309466,-0.95091
16.4,10.9879,40.2047,0.305615,-0.952155
16.5,11.0242,40.0989,0.301958,-0.953321
16.6,11.0602,39.9925,0.299031,-0.954243
16.7,11.0959,39.8857,0.297222,-0.954808
16.8,11.1315,39.7784,0.295532,-0.955333
16.9,11.167,39.6703,0.2936,-0.955928
17,11.2023,39.5612,0.291408,-0.956599
17.1,11.2374,39.451,0.289032,-0.957319
17.2,11.2724,39.3399,0.287001,-0.95793
17.3,11.3074,39.228,0.28594,-0.958248
17.4,11.3425,39.1151,0.28476,-0.958599
17.5,11.3776,39.0011,0.283152,-0.959075
17.6,11.4127,38.8856,0.281035,-0.959697
17.7,11.4477,38.7687,0.278256,-0.960507
17.8,11.4824,38.6502,0.2749,-0.961473
17.9,11.5167,38.5302,0.271067,-0.96256
18,11.5506,38.4089,0.267724,-0.963496
18.1,11.5841,38.2865,0.263983,-0.964527
18.2,11.617,38.1631,0.259735,-0.96568
18.3,11.6491,38.0387,0.254686,-0.967024
18.4,11.68,37.9138,0.249023,-0.968498
18.5,11.7099,37.7886,0.243145,-0.96999
18.6,11.7385,37.6633,0.237285,-0.97144
18.7,11.7658,37.5381,0.231246,-0.972895
18.8,11.7916,37.4134,0.224749,-0.974417
18.9,11.8154,37.2899,0.216212,-0.976347
19,11.8364,37.1685,0.204612,-0.978843
19.1,11.8538,37.0496,0.189256,-0.981928
19.2,11.8674,36.9336,0.172199,-0.985062
19.3,11.8825,36.817,0.179854,-0.983693
19.4,11.8974,36.7058,0.183932,-0.982939
19.5,11.9151,36.5924,0.196251,-0.980554
19.6,11.9352,36.4806,0.2111,-0.977464
19.7,11.9558,36.3682,0.212723,-0.977112
19.8,11.9769,36.2555,0.214842,-0.976649
19.9,11.9982,36.142,0.21507,-0.976599
20,12.0195,36.0276,0.213929,-0.976849
20.1,12.0405,35.9122,0.211342,-0.977412
20.2,12.0611,35.7959,0.208438,-0.978036
20.3,12.0813,35.6787,0.20556,-0.978644
20.4,12.1011,35.5608,0.202654,-0.97925
20.5,12.1204,35.4421,0.199937,-0.979809
20.6,12.1395,35.3232,0.198011,-0.9802
20.7,12.1583,35.2038,0.196239,-0.980556
20.8,12.1768,35.084,0.194236,-0.980955
20.9,12.195,34.9634,0.192234,-0.981349
21,12.2129,34.8419,0.189749,-0.981833
21.1,12.2305,34.7191,0.187093,-0.982342
21.2,12.2477,34.5947,0.183686,-0.982985
21.3,12.2644,34.4688,0.179945,-0.983677
21.4,12.2811,34.3425,0.179564,-0.983746
21.5,12.2975,34.2158,0.177227,-0.98417
21.6,12.3132,34.0888,0.174146,-0.98472
21.7,12.3283,33.9615,0.171004,-0.98527
21.8,12.3428,33.8344,0.168025,-0.985783
21.9,12.3567,33.7076,0.165562,-0.986199
22,12.37,33.5813,0.162955,-0.986633
22.1,12.3825,33.4558,0.159664,-0.987171
22.2,12.3942,33.3317,0.156902,-0.987614
22.3,12.4054,33.2094,0.15618,-0.987729
22.4,12.4167,33.0892,0.158185,-0.987409
22.5,12.4285,32.9703,0.161666,-0.986845
22.6,12.4401,32.8531,0.162138,-0.986768
22.7,12.4497,32.7386,0.154215,-0.988037
22.8,12.4585,32.6258,0.151591,-0.988443
22.9,12.4664,32.5159,0.148839,-0.988861
23,12.475,32.4074,0.154113,-0.988053
23.1,12.4844,32.3025,0.161333,-0.9869
23.2,12.496,32.1977,0.174168,-0.984716
23.3,12.5094,32.0969,0.188294,-0.982113
23.4,12.5245,31.9974,0.198951,-0.980009
23.5,12.5409,31.9009,0.210311,-0.977635
23.6,12.5595,31.8048,0.223753,-0.974646
23.7,12.5803,31.7121,0.240193,-0.970725
23.8,12.6047,31.6189,0.260247,-0.965542
23.9,12.6317,31.528,0.278258,-0.960506
24,12.6607,31.4371,0.28935,-0.957223
24.1,12.6914,31.3478,0.301594,-0.953436
24.2,12.7231,31.2587,0.307072,-0.951686
24.3,12.7554,31.1701,0.312027,-0.950073
24.4,12.7881,31.0815,0.313446,-0.949606
24.5,12.8206,30.9926,0.312365,-0.949962
24.6,12.8525,30.9029,0.307123,-0.95167
24.7,12.8835,30.8121,0.300511,-0.953778
24.8,12.9141,30.7206,0.297434,-0.954742
24.9,12.9446,30.6284,0.294808,-0.955556
25,12.9751,30.5355,0.294153,-0.955758
25.1,13.0059,30.442,0.294656,-0.955603
25.2,13.0368,30.3479,0.294766,-0.95557
25.3,13.068,30.2532,0.294738,-0.955578
25.4,13.0993,30.1581,0.294507,-0.955649
25.5,13.1305,30.0626,0.293763,-0.955878
25.6,13.1617,29.9669,0.292905,-0.956142
25.7,13.1925,29.8713,0.291293,-0.956634
25.8,13.2231,29.7758,0.290124,-0.956989
25.9,13.2534,29.6805,0.289413,-0.957204
26,13.2838,29.5861,0.290916,-0.956749
26.1,13.3145,29.4924,0.293483,-0.955964
26.2,13.3455,29.3992,0.296383,-0.955069
26.3,13.377,29.3063,0.299186,-0.954195
26.4,13.4089,29.2135,0.301936,-0.953328
26.5,13.4414,29.1205,0.304555,-0.952495
26.6,13.4744,29.0272,0.306797,-0.951775
26.7,13.5079,28.9334,0.308606,-0.95119
26.8,13.5419,28.839,0.309893,-0.950771
26.9,13.5762,28.744,0.310853,-0.950458
27,13.6108,28.6491,0.312105,-0.950048
27.1,13.6449,28.5538,0.309141,-0.951016
27.2,13.6795,28.4582,0.311204,-0.950343
27.3,13.7144,28.3621,0.312034,-0.950071
27.4,13.7489,28.2653,0.308226,-0.951313
27.5,13.7838,28.1678,0.309747,-0.950819
27.6,13.8185,28.0693,0.306413,-0.951899
27.7,13.8537,27.9699,0.307933,-0.951408
27.8,13.8887,27.8693,0.304506,-0.95251
27.9,13.9234,27.7677,0.301669,-0.953413
28,13.958,27.6649,0.298954,-0.954267
28.1,13.9925,27.5608,0.296136,-0.955146
28.2,14.0275,27.4555,0.297085,-0.954851
28.3,14.062,27.3489,0.292619,-0.956229
28.4,14.0961,27.2413,0.289175,-0.957276
28.5,14.13,27.1325,0.28605,-0.958215
28.6,14.1636,27.0226,0.282993,-0.959122
28.7,14.1968,26.9118,0.279854,-0.960042
28.8,14.2297,26.8,0.2766,-0.960985
28.9,14.2621,26.6873,0.273264,-0.961939
29,14.2942,26.5738,0.270196,-0.962805
29.1,14.326,26.4594,0.267747,-0.963489
29.2,14.3576,26.3442,0.265695,-0.964057
29.3,14.389,26.2282,0.263807,-0.964576
29.4,14.4203,26.1112,0.261822,-0.965116
29.5,14.4514,25.9932,0.25955,-0.96573
29.6,14.4822,25.8741,0.256395,-0.966572
29.7,14.5124,25.7536,0.252037,-0.967718
29.8,14.5418,25.6317,0.246198,-0.96922
29.9,14.5701,25.5079,0.23888,-0.971049
30,14.5973,25.3819,0.231489,-0.972837
30.1,14.624,25.2537,0.226022,-0.974122
30.2,14.6503,25.1232,0.22173,-0.975108
30.3,14.6763,24.9905,0.218178,-0.975909
30.4,14.7021,24.8556,0.215094,-0.976593
30.5,14.7277,24.7187,0.212203,-0.977226
30.6,14.7531,24.5799,0.20935,-0.977841
30.7,14.7782,24.4392,0.206468,-0.978453
30.8,14.8031,24.2967,0.203722,-0.979029
30.9,14.8278,24.1524,0.20122,-0.979546
31,14.8533,24.0085,0.20499,-0.978764
31.1,14.8791,23.8643,0.206482,-0.97845
31.2,14.9051,23.7196,0.206746,-0.978395
31.3,14.9312,23.5744,0.206414,-0.978465
31.4,14.9572,23.4284,0.20587,-0.978579
31.5,14.9833,23.2818,0.205311,-0.978697
31.6,15.0094,23.1345,0.204857,-0.978792
31.7,15.0355,22.9866,0.204596,-0.978846
31.8,15.0623,22.8392,0.207891,-0.978152
31.9,15.0896,22.6921,0.210158,-0.977667
32,15.1171,22.5452,0.211645,-0.977347
32.1,15.1448,22.3985,0.212528,-0.977155
32.2,15.1726,22.2518,0.21298,-0.977057
32.3,15.2004,22.105,0.213078,-0.977035
32.4,15.2282,21.9581,0.212815,-0.977093
32.5,15.2563,21.8117,0.215003,-0.976613
32.6,15.2848,21.6657,0.216674,-0.976244
32.7,15.3135,21.5201,0.218078,-0.975931
32.8,15.3423,21.375,0.219449,-0.975624
32.9,15.3715,21.2302,0.221039,-0.975265
33,15.401,21.0859,0.223163,-0.974781
33.1,15.4311,20.9422,0.226243,-0.974071
33.2,15.4621,20.7991,0.230724,-0.973019
33.3,15.4944,20.6568,0.237457,-0.971398
33.4,15.5283,20.5156,0.245711,-0.969343
33.5,15.5639,20.3753,0.254312,-0.967122
33.6,15.6018,20.2366,0.265602,-0.964083
33.7,15.6411,20.099,0.273529,-0.961864
33.8,15.6817,19.9624,0.280341,-0.9599
33.9,15.7234,19.8267,0.286183,-0.958175
34,15.7662,19.6915,0.29144,-0.956589
34.1,15.8099,19.5569,0.296171,-0.955135
34.2,15.8545,19.4225,0.300475,-0.95379
34.3,15.9,19.2882,0.304527,-0.952504
34.4,15.9464,19.1539,0.308382,-0.951263
34.5,15.9937,19.0196,0.312049,-0.950066
34.6,16.0419,18.8852,0.315679,-0.948866
34.7,16.091,18.7506,0.318908,-0.947786
34.8,16.1411,18.6172,0.325188,-0.945649
34.9,16.192,18.4849,0.330136,-0.943933
35,16.2438,18.3537,0.335335,-0.942099
35.1,16.2964,18.2234,0.340344,-0.940301
35.2,16.3498,18.0942,0.345054,-0.938583
35.3,16.404,17.9658,0.349606,-0.936897
35.4,16.4589,17.8383,0.354007,-0.935243
35.5,16.5145,17.7115,0.35819,-0.933649
35.6,16.5709,17.5852,0.361893,-0.93222
35.7,16.6275,17.4592,0.36367,-0.931528
35.8,16.6846,17.3332,0.36515,-0.930949
35.9,16.7418,17.2071,0.365667,-0.930746
36,16.7951,17.0821,0.351001,-0.936375
36.1,16.8464,16.9572,0.342337,-0.939577
36.2,16.8962,16.8319,0.335343,-0.942096
36.3,16.9458,16.7062,0.333815,-0.942639
36.4,16.9942,16.5802,0.328101,-0.944643
36.5,17.0418,16.4536,0.32366,-0.946173
36.6,17.0888,16.3264,0.319823,-0.947477
36.7,17.1351,16.1986,0.316208,-0.94869
36.8,17.1808,16.0702,0.312594,-0.949887
36.9,17.2258,15.9411,0.30865,-0.951176
37,17.27,15.8113,0.304018,-0.952666
37.1,17.3132,15.6808,0.298478,-0.954416
37.2,17.3551,15.5497,0.292057,-0.956401
37.3,17.3955,15.4181,0.284999,-0.958528
37.4,17.4345,15.286,0.277644,-0.960684
37.5,17.4718,15.1535,0.27022,-0.962799
37.6,17.5077,15.0209,0.263318,-0.964709
37.7,17.5422,14.8882,0.257127,-0.966378
37.8,17.5756,14.7556,0.251858,-0.967764
37.9,17.6079,14.6232,0.247542,-0.968877
38,17.6394,14.491,0.244145,-0.969739
38.1,17.6703,14.3591,0.241511,-0.970398
38.2,17.7007,14.2274,0.239517,-0.970892
38.3,17.7307,14.0959,0.238003,-0.971265
38.4,17.7604,13.9646,0.236856,-0.971545
38.5,17.7899,13.8335,0.236013,-0.97175
38.6,17.8191,13.7028,0.235445,-0.971888
38.7,17.8483,13.5723,0.235177,-0.971953
38.8,17.8773,13.4423,0.235156,-0.971958
38.9,17.9063,13.3125,0.235311,-0.97192
39,17.9352,13.1832,0.235577,-0.971856
39.1,17.9641,13.0542,0.235907,-0.971776
39.2,17.993,12.9257,0.236232,-0.971697
39.3,18.0218,12.7976,0.236525,-0.971625
39.4,18.0505,12.6699,0.236809,-0.971556
39.5,18.0793,12.5428,0.237105,-0.971484
39.6,18.1079,12.4161,0.237454,-0.971399
39.7,18.1365,12.2899,0.237876,-0.971296
39.8,18.1652,12.1641,0.238375,-0.971173
39.9,18.1938,12.0386,0.238914,-0.971041
40,18.2225,11.9136,0.239522,-0.970891
40.1,18.2513,11.7888,0.240239,-0.970714
40.2,18.2801,11.6643,0.241094,-0.970502
40.3,18.3091,11.5401,0.242101,-0.970251
40.4,18.3384,11.416,0.243267,-0.969959
40.5,18.3678,11.2919,0.244582,-0.969628
40.6,18.3976,11.1679,0.246034,-0.969261
40.7,18.4277,11.044,0.247601,-0.968862
40.8,18.4581,10.9199,0.249248,-0.96844
40.9,18.4889,10.7958,0.250945,-0.968001
41,18.5202,10.6715,0.252659,-0.967555
41.1,18.5518,10.5471,0.254355,-0.967111
41.2,18.5838,10.4224,0.255995,-0.966678
41.3,18.6162,10.2976,0.257551,-0.966265
41.4,18.649,10.1725,0.259005,-0.965876
41.5,18.6821,10.0471,0.260343,-0.965516
41.6,18.7156,9.92149,0.261561,-0.965187
41.7,18.7494,9.79562,0.262656,-0.964889
41.8,18.7834,9.66948,0.263627,-0.964625
41.9,18.8177,9.54308,0.264473,-0.964393
42,18.8523,9.41642,0.265167,-0.964202
42.1,18.887,9.28949,0.265723,-0.964049
42.2,18.9219,9.16231,0.266153,-0.963931
42.3,18.9569,9.03489,0.26647,-0.963843
42.4,18.992,8.90722,0.266682,-0.963785
42.5,19.0272,8.77932,0.266795,-0.963753
42.6,19.0625,8.65119,0.266829,-0.963744
42.7,19.0979,8.52282,0.266799,-0.963752
42.8,19.1333,8.39421,0.266719,-0.963774
42.9,19.1687,8.26537,0.266602,-0.963807
43,19.2042,8.13627,0.266454,-0.963848
43.1,19.2397,8.0069,0.266276,-0.963897
43.2,19.2753,7.87725,0.266062,-0.963956
43.3,19.3109,7.74744,0.266433,-0.963853
43.4,19.3467,7.61743,0.266717,-0.963775
43.5,19.3826,7.48722,0.266925,-0.963717
43.6,19.4186,7.35678,0.267069,-0.963677
43.7,19.4546,7.2261,0.267166,-0.96365
43.8,19.4908,7.09517,0.267234,-0.963632
43.9,19.527,6.96399,0.267286,-0.963617
44,19.5634,6.83257,0.267408,-0.963583
44.1,19.5998,6.70091,0.267522,-0.963552
44.2,19.6363,6.56906,0.267643,-0.963518
44.3,19.6729,6.43706,0.267941,-0.963435
44.4,19.7096,6.30496,0.268235,-0.963353
44.5,19.7464,6.17278,0.268533,-0.96327
44.6,19.7832,6.04056,0.268828,-0.963188
44.7,19.8201,5.90835,0.269113,-0.963109
44.8,19.8571,5.77617,0.269382,-0.963033
44.9,19.8941,5.64406,0.269631,-0.962964
45,19.9312,5.51205,0.269856,-0.962901
45.1,19.9682,5.38015,0.270055,-0.962845
45.2,20.0053,5.24837,0.270223,-0.962798
45.3,20.0423,5.11672,0.270359,-0.96276
45.4,20.0794,4.98521,0.270549,-0.962706
45.5,20.1164,4.85383,0.270721,-0.962658
45.6,20.1535,4.72259,0.270875,-0.962614
45.7,20.1905,4.59145,0.27102,-0.962574
45.8,20.2276,4.46041,0.271158,-0.962535
45.9,20.2646,4.32944,0.271297,-0.962496
46,20.3017,4.19853,0.27144,-0.962455
46.1,20.3388,4.06765,0.271589,-0.962413
46.2,20.376,3.93678,0.271749,-0.962368
46.3,20.4131,3.80592,0.271919,-0.96232
46.4,20.4504,3.67503,0.272098,-0.962269
46.5,20.4876,3.54411,0.272287,-0.962216
46.6,20.525,3.41315,0.272482,-0.962161
46.7,20.5623,3.28215,0.272679,-0.962105
46.8,20.5998,3.1511,0.272875,-0.962049
46.9,20.6373,3.02,0.273067,-0.961995
47,20.6748,2.88885,0.273251,-0.961943
47.1,20.7124,2.75766,0.273422,-0.961894
47.2,20.7501,2.62643,0.273577,-0.96185
47.3,20.7878,2.49516,0.273712,-0.961812
47.4,20.8255,2.36387,0.273861,-0.961769
47.5,20.8633,2.23254,0.273986,-0.961734
47.6,20.9011,2.1012,0.274084,-0.961706
47.7,20.9389,1.96983,0.274154,-0.961686
47.8,20.9768,1.83844,0.274192,-0.961675
47.9,21.0146,1.70701,0.274199,-0.961673
48,21.0525,1.57555,0.274175,-0.96168
48.1,21.0903,1.44405,0.274124,-0.961694
48.2,21.1282,1.31249,0.274049,-0.961716
48.3,21.1661,1.18087,0.273975,-0.961737
48.4,21.2039,1.0492,0.273903,-0.961757
48.5,21.2418,0.917467,0.273857,-0.96177
48.6,21.2797,0.785676,0.273818,-0.961782
48.7,21.3175,0.653827,0.273789,-0.96179
48.8,21.3554,0.521921,0.273768,-0.961796
48.9,21.3934,0.389959,0.273756,-0.961799
49,21.4313,0.257947,0.273749,-0.961801
49.1,21.4692,0.125886,0.273744,-0.961803
49.2,21.5072,-0.0062196,0.273739,-0.961804
49.3,21.5451,-0.138367,0.273729,-0.961807
49.4,21.5831,-0.270552,0.273724,-0.961808
49.5,21.6211,-0.402773,0.273712,-0.961812
49.6,21.6591,-0.535026,0.273704,-0.961814
49.7,21.6971,-0.667305,0.2737,-0.961815
49.8,21.7351,-0.799609,0.273698,-0.961816
49.9,21.7731,-0.931934,0.273697,-0.961816
50,21.8111,-1.06428,0.273695,-0.961816
50.1,21.8491,-1.19664,0.273692,-0.961817
50.2,21.8872,-1.32902,0.273693,-0.961817
50.3,21.9252,-1.46142,0.273689,-0.961818
50.4,21.9632,-1.59383,0.273681,-0.96182
50.5,22.0013,-1.72626,0.27367,-0.961824
50.6,22.0393,-1.8587,0.273656,-0.961828
50.7,22.0773,-1.99116,0.273644,-0.961831
50.8,22.1154,-2.12364,0.273632,-0.961834
50.9,22.1534,-2.25612,0.27362,-0.961838
51,22.1915,-2.38862,0.273609,-0.961841
51.1,22.2295,-2.52113,0.273595,-0.961845
51.2,22.2676,-2.65365,0.273579,-0.96185
51.3,22.3056,-2.78618,0.273559,-0.961855
51.4,22.3437,-2.91873,0.273535,-0.961862
51.5,22.3817,-3.05129,0.273508,-0.96187
51.6,22.4198,-3.18385,0.273479,-0.961878
51.7,22.4578,-3.31644,0.273447,-0.961887
51.8,22.4958,-3.44903,0.273417,-0.961896
51.9,22.5339,-3.58163,0.273386,-0.961904
52,22.5719,-3.71425,0.273354,-0.961913
52.1,22.6099,-3.84687,0.27332,-0.961923
52.2,22.6479,-3.97951,0.273285,-0.961933
52.3,22.686,-4.11216,0.273247,-0.961944
52.4,22.724,-4.24481,0.273207,-0.961955
52.5,22.762,-4.37748,0.273165,-0.961967
52.6,22.8,-4.51016,0.273123,-0.961979
52.7,22.838,-4.64285,0.273082,-0.961991
52.8,22.876,-4.77555,0.27304,-0.962003
52.9,22.9139,-4.90827,0.272997,-0.962015
53,22.9519,-5.04099,0.272952,-0.962028
53.1,22.9899,-5.17372,0.272906,-0.962041
53.2,23.0279,-5.30646,0.272857,-0.962055
53.3,23.0658,-5.43921,0.272806,-0.962069
53.4,23.1038,-5.57197,0.272753,-0.962084
53.5,23.1417,-5.70474,0.272698,-0.9621
53.6,23.1796,-5.83752,0.272641,-0.962116
53.7,23.2175,-5.97031,0.272583,-0.962132
53.8,23.2554,-6.10312,0.272523,-0.962149
53.9,23.2933,-6.23593,0.272461,-0.962167
54,23.3312,-6.36876,0.272396,-0.962185
54.1,23.3691,-6.5016,0.272329,-0.962204
54.2,23.407,-6.63446,0.272259,-0.962224
54.3,23.4448,-6.76732,0.272182,-0.962246
54.4,23.4827,-6.9002,0.272099,-0.962269
54.5,23.5205,-7.03309,0.272008,-0.962295
54.6,23.5583,-7.166,0.271904,-0.962324
54.7,23.5961,-7.29891,0.271782,-0.962359
54.8,23.6338,-7.43184,0.271634,-0.9624
54.9,23.6715,-7.56477,0.271457,-0.962451
55,23.7092,-7.6977,0.271245,-0.96251
55.1,23.7468,-7.83065,0.270993,-0.962581
55.2,23.7844,-7.96359,0.270696,-0.962665
55.3,23.8218,-8.09654,0.270347,-0.962763
55.4,23.8592,-8.22951,0.269936,-0.962878
55.5,23.8965,-8.36249,0.269445,-0.963016
55.6,23.9336,-8.4955,0.26885,-0.963182
55.7,23.9706,-8.62856,0.268126,-0.963384
55.8,24.0075,-8.76171,0.267253,-0.963626
55.9,24.0441,-8.89497,0.266217,-0.963913
56,24.0805,-9.02841,0.265016,-0.964244
56.1,24.1167,-9.16206,0.263667,-0.964614
56.2,24.1526,-9.29599,0.262205,-0.965012
56.3,24.1882,-9.43024,0.260668,-0.965428
56.4,24.2236,-9.56485,0.259093,-0.965852
56.5,24.2588,-9.69987,0.257507,-0.966277
56.6,24.2937,-9.83531,0.255924,-0.966697
56.7,24.3284,-9.97121,0.254353,-0.967112
56.8,24.3628,-10.1076,0.252801,-0.967518
56.9,24.3972,-10.2439,0.25265,-0.967558
57,24.4315,-10.3804,0.252092,-0.967703
57.1,24.4657,-10.5171,0.251228,-0.967928
57.2,24.4997,-10.6541,0.250171,-0.968202
57.3,24.5335,-10.7914,0.249016,-0.968499
57.4,24.5671,-10.9291,0.247828,-0.968804
57.5,24.6006,-11.0671,0.246644,-0.969106
57.6,24.6339,-11.2056,0.24548,-0.969402
57.7,24.6671,-11.3445,0.244343,-0.969689
57.8,24.7001,-11.4838,0.24324,-0.969966
57.9,24.7329,-11.6235,0.242189,-0.970229
58,24.7659,-11.763,0.242844,-0.970065
58.1,24.7988,-11.9024,0.242989,-0.970029
58.2,24.8317,-12.0418,0.242791,-0.970079
58.3,24.8646,-12.1814,0.242377,-0.970182
58.4,24.8973,-12.3211,0.241842,-0.970316
58.5,24.93,-12.4611,0.241243,-0.970465
58.6,24.9626,-12.6013,0.240619,-0.97062
58.7,24.9951,-12.7418,0.239997,-0.970774
58.8,25.0276,-12.8826,0.239399,-0.970921
58.9,25.0602,-13.023,0.24063,-0.970617
59,25.0929,-13.1632,0.241311,-0.970448
59.1,25.1257,-13.3032,0.241596,-0.970377
59.2,25.1585,-13.4433,0.241624,-0.97037
59.3,25.1912,-13.5835,0.241495,-0.970402
59.4,25.2239,-13.7237,0.24128,-0.970456
59.5,25.2566,-13.8642,0.241024,-0.970519
59.6,25.2893,-14.0048,0.240759,-0.970585
59.7,25.322,-14.1456,0.240515,-0.970645
59.8,25.3548,-14.2859,0.242062,-0.970261
59.9,25.3879,-14.4259,0.243058,-0.970012
60,25.421,-14.5657,0.243652,-0.969863
60.1,25.4542,-14.7054,0.243986,-0.969779
60.2,25.4874,-14.8451,0.244167,-0.969733
60.3,25.5206,-14.9849,0.244273,-0.969707
60.4,25.5538,-15.1248,0.24435,-0.969687
60.5,25.5871,-15.2647,0.244427,-0.969668
60.6,25.6205,-15.4047,0.244521,-0.969644
60.7,25.6541,-15.5441,0.246334,-0.969185
60.8,25.6879,-15.6832,0.247621,-0.968857
60.9,25.7218,-15.822,0.248508,-0.96863
61,25.7558,-15.9607,0.249129,-0.96847
61.1,25.7899,-16.0993,0.249603,-0.968348
61.2,25.8241,-16.2379,0.250031,-0.968238
61.3,25.8584,-16.3765,0.250487,-0.96812
61.4,25.8928,-16.515,0.25102,-0.967982
61.5,25.9274,-16.6536,0.251662,-0.967815
61.6,25.9621,-16.7921,0.252427,-0.967616
61.7,25.9972,-16.93,0.25485,-0.966981
61.8,26.0326,-17.0673,0.256954,-0.966424
61.9,26.0683,-17.2042,0.258797,-0.965932
62,26.1043,-17.3406,0.260438,-0.96549
62.1,26.1404,-17.4766,0.261926,-0.965088
62.2,26.1768,-17.6123,0.263292,-0.964716
62.3,26.2134,-17.7476,0.264553,-0.964371
62.4,26.2501,-17.8825,0.265717,-0.964051
62.5,26.287,-18.017,0.266781,-0.963757
62.6,26.324,-18.1513,0.267737,-0.963492
62.7,26.3611,-18.2852,0.268579,-0.963258
62.8,26.3983,-18.4187,0.269301,-0.963056
62.9,26.4355,-18.5521,0.269891,-0.962891
63,26.4728,-18.6851,0.270361,-0.962759
63.1,26.51,-18.818,0.270718,-0.962659
63.2,26.5473,-18.9506,0.270981,-0.962585
63.3,26.5846,-19.0831,0.27117,-0.962532
63.4,26.6219,-19.2155,0.271298,-0.962495
63.5,26.6592,-19.3478,0.27138,-0.962472
63.6,26.6964,-19.48,0.271422,-0.96246
63.7,26.7337,-19.6122,0.271434,-0.962457
63.8,26.7709,-19.7443,0.27142,-0.962461
63.9,26.8081,-19.8764,0.271383,-0.962471
64,26.8453,-20.0085,0.271328,-0.962487
64.1,26.8825,-20.1405,0.271258,-0.962507
64.2,26.9197,-20.2726,0.271176,-0.96253
64.3,26.9568,-20.4046,0.271091,-0.962554
64.4,26.9939,-20.5367,0.271002,-0.962579
64.5,27.031,-20.6687,0.270911,-0.962604
64.6,27.0681,-20.8008,0.270817,-0.962631
64.7,27.1052,-20.9329,0.270721,-0.962658
64.8,27.1422,-21.065,0.270625,-0.962685
64.9,27.1793,-21.1971,0.270528,-0.962712
65,27.2163,-21.3293,0.270431,-0.962739
65.1,27.2533,-21.4614,0.270335,-0.962766
65.2,27.2902,-21.5936,0.270239,-0.962793
65.3,27.3272,-21.7258,0.270143,-0.96282
65.4,27.3641,-21.858,0.270049,-0.962847
65.5,27.4011,-21.9902,0.269955,-0.962873
65.6,27.438,-22.1224,0.269863,-0.962899
65.7,27.4749,-22.2546,0.269771,-0.962924
65.8,27.5117,-22.3869,0.269681,-0.96295
65.9,27.5486,-22.5191,0.269591,-0.962975
66,27.5854,-22.6514,0.269503,-0.963
66.1,27.6223,-22.7837,0.269416,-0.963024
66.2,27.6591,-22.916,0.269329,-0.963048
66.3,27.6959,-23.0483,0.269244,-0.963072
66.4,27.7326,-23.1806,0.269159,-0.963096
66.5,27.7694,-23.313,0.269076,-0.963119
66.6,27.8062,-23.4453,0.268994,-0.963142
66.7,27.8429,-23.5777,0.268913,-0.963165
66.8,27.8796,-23.7101,0.268832,-0.963187
66.9,27.9163,-23.8424,0.268753,-0.963209
67,27.953,-23.9748,0.268675,-0.963231
67.1,27.9896,-24.1072,0.268599,-0.963252
67.2,28.0263,-24.2396,0.268523,-0.963273
67.3,28.0629,-24.372,0.268448,-0.963294
67.4,28.0996,-24.5045,0.268375,-0.963314
67.5,28.1362,-24.6369,0.268303,-0.963335
67.6,28.1728,-24.7693,0.268232,-0.963354
67.7,28.2093,-24.9018,0.268162,-0.963374
67.8,28.2459,-25.0342,0.268094,-0.963393
67.9,28.2825,-25.1667,0.268027,-0.963411
68,28.319,-25.2991,0.267961,-0.96343
68.1,28.3555,-25.4316,0.267896,-0.963448
68.2,28.392,-25.5641,0.267833,-0.963465
68.3,28.4285,-25.6965,0.267771,-0.963482
68.4,28.465,-25.829,0.267711,-0.963499
68.5,28.5015,-25.9615,0.267652,-0.963516
68.6,28.5379,-26.094,0.267594,-0.963532
68.7,28.5744,-26.2265,0.267538,-0.963547
68.8,28.6108,-26.359,0.267493,-0.96356
68.9,28.6472,-26.4915,0.267456,-0.96357
69,28.6836,-26.6239,0.267424,-0.963579
69.1,28.7201,-26.7564,0.267395,-0.963587
69.2,28.7565,-26.8889,0.26737,-0.963594
69.3,28.7929,-27.0214,0.267346,-0.963601
69.4,28.8292,-27.1539,0.267324,-0.963607
69.5,28.8656,-27.2864,0.267304,-0.963612
69.6,28.902,-27.4189,0.267285,-0.963618
69.7,28.9384,-27.5513,0.267267,-0.963623
69.8,28.9747,-27.6838,0.26725,-0.963627
69.9,29.0111,-27.8163,0.267234,-0.963632
70,29.0474,-27.9487,0.26722,-0.963636
70.1,29.0838,-28.0812,0.267207,-0.963639
70.2,29.1201,-28.2136,0.267195,-0.963642
70.3,29.1565,-28.3461,0.267185,-0.963645
70.4,29.1928,-28.4785,0.267176,-0.963648
70.5,29.2291,-28.611,0.267169,-0.96365
70.6,29.2655,-28.7434,0.267163,-0.963651
70.7,29.3018,-28.8758,0.267159,-0.963652
70.8,29.3381,-29.0082,0.267157,-0.963653
70.9,29.3744,-29.1406,0.267157,-0.963653
71,29.4107,-29.273,0.267158,-0.963653
71.1,29.447,-29.4054,0.267161,-0.963652
71.2,29.4833,-29.5378,0.267166,-0.963651
71.3,29.5196,-29.6701,0.267173,-0.963649
71.4,29.5559,-29.8025,0.267181,-0.963646
71.5,29.5922,-29.9348,0.267191,-0.963643
71.6,29.6285,-30.0671,0.267204,-0.96364
71.7,29.6648,-30.1994,0.267217,-0.963636
71.8,29.7011,-30.3317,0.267233,-0.963632
71.9,29.7374,-30.464,0.267251,-0.963627
72,29.7737,-30.5963,0.26727,-0.963622
72.1,29.81,-30.7285,0.267292,-0.963616
72.2,29.8463,-30.8608,0.267315,-0.963609
72.3,29.8826,-30.993,0.26734,-0.963602
72.4,29.9188,-31.1252,0.267367,-0.963595
72.5,29.9551,-31.2574,0.267395,-0.963587
72.6,29.9914,-31.3896,0.267426,-0.963578
72.7,30.0277,-31.5218,0.267458,-0.96357
72.8,30.064,-31.6539,0.267492,-0.96356
72.9,30.1003,-31.786,0.267528,-0.96355
73,30.1366,-31.9181,0.267565,-0.96354
73.1,30.1729,-32.0502,0.267604,-0.963529
73.2,30.2092,-32.1823,0.267645,-0.963518
73.3,30.2455,-32.3143,0.267688,-0.963506
73.4,30.2818,-32.4463,0.267732,-0.963493
73.5,30.3181,-32.5783,0.267778,-0.963481
73.6,30.3544,-32.7103,0.267825,-0.963467
73.7,30.3908,-32.8422,0.267875,-0.963454
73.8,30.4271,-32.9742,0.267925,-0.96344
73.9,30.4634,-33.1061,0.267978,-0.963425
74,30.4997,-33.2379,0.268032,-0.96341
74.1,30.5361,-33.3698,0.268087,-0.963395
74.2,30.5724,-33.5016,0.268144,-0.963379
74.3,30.6087,-33.6334,0.268203,-0.963363
74.4,30.6451,-33.7652,0.268263,-0.963346
74.5,30.6814,-33.8969,0.268324,-0.963329
74.6,30.7178,-34.0286,0.268387,-0.963311
74.7,30.7542,-34.1603,0.268451,-0.963293
74.8,30.7905,-34.292,0.268517,-0.963275
74.9,30.8269,-34.4236,0.268584,-0.963256
75,30.8633,-34.5552,0.268652,-0.963237
75.1,30.8997,-34.6868,0.268721,-0.963218
75.2,30.9361,-34.8183,0.268792,-0.963198
75.3,30.9724,-34.9498,0.268864,-0.963178
75.4,31.0089,-35.0813,0.268937,-0.963158
75.5,31.0453,-35.2127,0.269012,-0.963137
75.6,31.0817,-35.3441,0.269087,-0.963116
75.7,31.1181,-35.4755,0.269164,-0.963094
75.8,31.1545,-35.6068,0.269242,-0.963073
75.9,31.191,-35.7381,0.269321,-0.963051
76,31.2274,-35.8693,0.269401,-0.963028
76.1,31.2638,-36.0006,0.269482,-0.963005
76.2,31.3003,-36.1317,0.269564,-0.962983
76.3,31.3368,-36.2629,0.269647,-0.962959
76.4,31.3732,-36.394,0.269731,-0.962936
76.5,31.4097,-36.525,0.269816,-0.962912
76.6,31.4462,-36.6561,0.269902,-0.962888
76.7,31.4827,-36.7871,0.269989,-0.962864
76.8,31.5192,-36.918,0.270076,-0.962839
76.9,31.5557,-37.0489,0.270165,-0.962814
77,31.5922,-37.1798,0.270254,-0.962789
77.1,31.6287,-37.3106,0.270344,-0.962764
77.2,31.6652,-37.4414,0.270434,-0.962738
77.3,31.7018,-37.5721,0.270526,-0.962713
77.4,31.7383,-37.7028,0.270618,-0.962687
77.5,31.7749,-37.8335,0.27071,-0.962661
77.6,31.8114,-37.9641,0.270803,-0.962635
77.7,31.848,-38.0946,0.270897,-0.962608
77.8,31.8846,-38.2252,0.27096,-0.962591
77.9,31.9211,-38.3556,0.271036,-0.962569
78,31.9577,-38.4861,0.27109,-0.962554
78.1,31.9943,-38.6165,0.271163,-0.962534
78.2,32.0309,-38.7469,0.271216,-0.962519
78.3,32.0674,-38.8772,0.271257,-0.962507
78.4,32.104,-39.0075,0.271327,-0.962487
78.5,32.1406,-39.1377,0.271382,-0.962472
78.6,32.1772,-39.268,0.271428,-0.962459
78.7,32.2138,-39.3982,0.27147,-0.962447
78.8,32.2504,-39.5283,0.271512,-0.962435
78.9,32.287,-39.6585,0.271554,-0.962423
79,32.3235,-39.7885,0.271598,-0.962411
79.1,32.3601,-39.9186,0.271645,-0.962398
79.2,32.3967,-40.0486,0.271695,-0.962384
79.3,32.4333,-40.1786,0.271747,-0.962369
79.4,32.4699,-40.3086,0.271803,-0.962353
79.5,32.5065,-40.4385,0.271861,-0.962336
79.6,32.5431,-40.5684,0.271922,-0.962319
79.7,32.5797,-40.6983,0.271986,-0.962301
79.8,32.6163,-40.8281,0.272052,-0.962283
79.9,32.6529,-40.9579,0.27212,-0.962263
80,32.6895,-41.0876,0.27219,-0.962243
80.1,32.7261,-41.2173,0.272262,-0.962223
80.2,32.7627,-41.347,0.272335,-0.962202
80.3,32.7994,-41.4766,0.272411,-0.962181
80.4,32.836,-41.6062,0.272487,-0.962159
80.5,32.8726,-41.7358,0.272567,-0.962137
80.6,32.9093,-41.8653,0.272649,-0.962114
80.7,32.946,-41.9948,0.272732,-0.96209
80.8,32.9826,-42.1243,0.272816,-0.962066
80.9,33.0193,-42.2537,0.272901,-0.962042
81,33.056,-42.3831,0.272988,-0.962018
81.1,33.0927,-42.5124,0.273074,-0.961993
81.2,33.1294,-42.6417,0.273162,-0.961968
81.3,33.1661,-42.771,0.27325,-0.961943
81.4,33.2028,-42.9002,0.273338,-0.961918
81.5,33.2395,-43.0294,0.273428,-0.961893
81.6,33.2763,-43.1586,0.273517,-0.961867
81.7,33.313,-43.2877,0.273608,-0.961841
81.8,33.3498,-43.4168,0.273699,-0.961815
81.9,33.3866,-43.5459,0.27379,-0.961789
82,33.4233,-43.6749,0.273882,-0.961763
82.1,33.4601,-43.8039,0.273975,-0.961737
82.2,33.4969,-43.9329,0.274069,-0.96171
82.3,33.5337,-44.0618,0.274163,-0.961683
82.4,33.5706,-44.1907,0.274258,-0.961656
82.5,33.6074,-44.3195,0.274353,-0.961629
82.6,33.6443,-44.4484,0.27445,-0.961601
82.7,33.6811,-44.5772,0.274547,-0.961574
82.8,33.718,-44.7059,0.274644,-0.961546
82.9,33.7549,-44.8347,0.274742,-0.961518
83,33.7918,-44.9634,0.274841,-0.96149
83.1,33.8287,-45.0921,0.274941,-0.961461
83.2,33.8656,-45.2207,0.275041,-0.961432
83.3,33.9026,-45.3493,0.275142,-0.961404
83.4,33.9395,-45.4779,0.275244,-0.961375
83.5,33.9765,-45.6065,0.275346,-0.961345
83.6,34.0135,-45.735,0.275448,-0.961316
83.7,34.0505,-45.8635,0.275551,-0.961286
83.8,34.0875,-45.992,0.275655,-0.961257
83.9,34.1246,-46.1204,0.275759,-0.961227
84,34.1616,-46.2489,0.275864,-0.961197
84.1,34.1987,-46.3773,0.27597,-0.961166
84.2,34.2358,-46.5056,0.276076,-0.961136
84.3,34.2729,-46.634,0.276183,-0.961105
84.4,34.31,-46.7623,0.27629,-0.961074
84.5,34.3472,-46.8906,0.276398,-0.961043
84.6,34.3843,-47.0189,0.276506,-0.961012
84.7,34.4215,-47.1472,0.276615,-0.960981
84.8,34.4587,-47.2754,0.276725,-0.960949
84.9,34.4959,-47.4036,0.276835,-0.960918
85,34.5331,-47.5318,0.276945,-0.960886
85.1,34.5704,-47.66,0.277057,-0.960854
85.2,34.6077,-47.7882,0.277168,-0.960821
85.3,34.645,-47.9163,0.277281,-0.960789
85.4,34.6823,-48.0444,0.277394,-0.960756
85.5,34.7196,-48.1725,0.277507,-0.960724
85.6,34.757,-48.3006,0.277622,-0.960691
85.7,34.7944,-48.4287,0.277736,-0.960657
85.8,34.8318,-48.5567,0.277852,-0.960624
85.9,34.8692,-48.6848,0.277968,-0.96059
86,34.9066,-48.8128,0.278085,-0.960556
86.1,34.9441,-48.9408,0.278202,-0.960523
86.2,34.9816,-49.0688,0.27832,-0.960488
86.3,35.0191,-49.1968,0.278438,-0.960454
86.4,35.0566,-49.3247,0.278556,-0.96042
86.5,35.0942,-49.4527,0.278675,-0.960385
86.6,35.1318,-49.5806,0.278795,-0.960351
86.7,35.1694,-49.7085,0.278916,-0.960315
86.8,35.2071,-49.8365,0.279038,-0.96028
86.9,35.2447,-49.9644,0.279161,-0.960244
87,35.2824,-50.0923,0.279286,-0.960208
87.1,35.3201,-50.2201,0.279412,-0.960171
87.2,35.3579,-50.348,0.279539,-0.960135
87.3,35.3956,-50.4759,0.279666,-0.960097
87.4,35.4334,-50.6037,0.279794,-0.96006
87.5,35.4713,-50.7316,0.279923,-0.960023
87.6,35.5091,-50.8594,0.280051,-0.959985
87.7,35.547,-50.9872,0.28018,-0.959947
87.8,35.5849,-51.115,0.280309,-0.95991
87.9,35.6228,-51.2428,0.280438,-0.959872
88,35.6608,-51.3707,0.280568,-0.959834
88.1,35.6988,-51.4984,0.280697,-0.959796
88.2,35.7368,-51.6262,0.280826,-0.959759
88.3,35.7749,-51.754,0.280955,-0.959721
88.4,35.813,-51.8818,0.281083,-0.959683
88.5,35.8511,-52.0096,0.281212,-0.959646
88.6,35.8892,-52.1373,0.28134,-0.959608
88.7,35.9274,-52.2651,0.281468,-0.959571
88.8,35.9656,-52.3929,0.281596,-0.959533
88.9,36.0038,-52.5206,0.281723,-0.959496
89,36.0421,-52.6484,0.28185,-0.959458
89.1,36.0804,-52.7761,0.281977,-0.959421
89.2,36.1187,-52.9039,0.282103,-0.959384
89.3,36.1571,-53.0316,0.282228,-0.959347
89.4,36.1955,-53.1594,0.282352,-0.959311
89.5,36.2339,-53.2871,0.282476,-0.959274
89.6,36.2723,-53.4148,0.282599,-0.959238
89.7,36.3108,-53.5426,0.282721,-0.959202
89.8,36.3493,-53.6703,0.282842,-0.959167
89.9,36.3878,-53.7981,0.282961,-0.959131
90,36.4264,-53.9258,0.28308,-0.959096
90.1,36.465,-54.0535,0.283198,-0.959061
90.2,36.5036,-54.1813,0.283315,-0.959027
90.3,36.5422,-54.309,0.283431,-0.958993
90.4,36.5809,-54.4367,0.283546,-0.958959
90.5,36.6196,-54.5644,0.283659,-0.958925
90.6,36.6583,-54.6922,0.283772,-0.958892
90.7,36.6971,-54.8199,0.283883,-0.958859
90.8,36.7359,-54.9477,0.283993,-0.958826
90.9,36.7747,-55.0754,0.284102,-0.958794
91,36.8136,-55.2031,0.284209,-0.958762
91.1,36.8524,-55.3309,0.284315,-0.958731
91.2,36.8913,-55.4586,0.28442,-0.9587
91.3,36.9303,-55.5863,0.284523,-0.958669
91.4,36.9692,-55.7141,0.284625,-0.958639
91.5,37.0082,-55.8418,0.284725,-0.958609
91.6,37.0472,-55.9696,0.284824,-0.95858
91.7,37.0863,-56.0973,0.284922,-0.958551
91.8,37.1253,-56.2251,0.285018,-0.958522
91.9,37.1644,-56.3528,0.285112,-0.958494
92,37.2036,-56.4806,0.285204,-0.958467
92.1,37.2427,-56.6083,0.285295,-0.95844
92.2,37.2819,-56.7361,0.285384,-0.958413
92.3,37.3211,-56.8638,0.285471,-0.958387
92.4,37.3603,-56.9916,0.285557,-0.958362
92.5,37.3995,-57.1193,0.285641,-0.958337
92.6,37.4388,-57.2471,0.285722,-0.958312
92.7,37.4781,-57.3749,0.285802,-0.958289
92.8,37.5174,-57.5026,0.28588,-0.958265
92.9,37.5567,-57.6304,0.285956,-0.958243
93,37.5961,-57.7582,0.28603,-0.958221
93.1,37.6354,-57.8859,0.286102,-0.958199
93.2,37.6748,-58.0137,0.286171,-0.958178
93.3,37.7143,-58.1415,0.286239,-0.958158
93.4,37.7537,-58.2692,0.286304,-0.958139
93.5,37.7932,-58.397,0.286367,-0.95812
93.6,37.8326,-58.5248,0.286428,-0.958102
93.7,37.8721,-58.6526,0.286486,-0.958084
93.8,37.9117,-58.7803,0.286542,-0.958068
93.9,37.9512,-58.9081,0.286596,-0.958052
94,37.9907,-59.0359,0.286646,-0.958037
94.1,38.0303,-59.1637,0.286694,-0.958022
94.2,38.0699,-59.2915,0.28674,-0.958009
94.3,38.1095,-59.4192,0.286782,-0.957996
94.4,38.1491,-59.547,0.286825,-0.957983
94.5,38.1887,-59.6748,0.286864,-0.957971
94.6,38.2284,-59.8025,0.286904,-0.957959
94.7,38.268,-59.9303,0.286944,-0.957947
94.8,38.3077,-60.058,0.286982,-0.957936
94.9,38.3474,-60.1857,0.287019,-0.957925
95,38.3871,-60.3134,0.287053,-0.957915
95.1,38.4267,-60.4411,0.287086,-0.957905
95.2,38.4664,-60.5688,0.287115,-0.957896
95.3,38.5062,-60.6964,0.287141,-0.957888
95.4,38.5459,-60.8241,0.287164,-0.957881
95.5,38.5856,-60.9518,0.287184,-0.957875
95.6,38.6254,-61.0794,0.287201,-0.95787
95.7,38.6651,-61.207,0.287215,-0.957866
95.8,38.7049,-61.3347,0.287234,-0.957861
95.9,38.7446,-61.4623,0.287253,-0.957855
96,38.7844,-61.5899,0.28727,-0.95785
96.1,38.8242,-61.7175,0.287283,-0.957846
96.2,38.864,-61.8451,0.28729,-0.957844
96.3,38.9038,-61.9727,0.287292,-0.957843
96.4,38.9436,-62.1003,0.287288,-0.957844
96.5,38.9834,-62.2279,0.287279,-0.957847
96.6,39.0232,-62.3555,0.287266,-0.957851
96.7,39.063,-62.483,0.28725,-0.957856
96.8,39.1028,-62.6106,0.287231,-0.957861
96.9,39.1426,-62.7382,0.287208,-0.957868
97,39.1824,-62.8657,0.287181,-0.957876
97.1,39.2222,-62.9932,0.28715,-0.957886
97.2,39.262,-63.1208,0.287115,-0.957896
97.3,39.3018,-63.2483,0.287074,-0.957909
97.4,39.3416,-63.3758,0.287028,-0.957922
97.5,39.3814,-63.5033,0.286976,-0.957938
97.6,39.4212,-63.6308,0.286919,-0.957955
97.7,39.461,-63.7583,0.286857,-0.957973
97.8,39.5008,-63.8858,0.286789,-0.957994
97.9,39.5405,-64.0133,0.286715,-0.958016
98,39.5803,-64.1408,0.286635,-0.95804
98.1,39.62,-64.2682,0.28655,-0.958065
98.2,39.6597,-64.3957,0.286459,-0.958093
98.3,39.6994,-64.5231,0.286361,-0.958122
98.4,39.7391,-64.6506,0.286257,-0.958153
98.5,39.7788,-64.778,0.286147,-0.958186
98.6,39.8184,-64.9054,0.286022,-0.958223
98.7,39.8581,-65.0329,0.285893,-0.958261
98.8,39.8977,-65.1603,0.285761,-0.958301
98.9,39.9372,-65.2877,0.285615,-0.958344
99,39.9768,-65.4151,0.285467,-0.958388
99.1,40.0163,-65.5424,0.285307,-0.958436
99.2,40.0558,-65.6698,0.285146,-0.958484
99.3,40.0953,-65.7972,0.284974,-0.958535
99.4,40.1347,-65.9246,0.284791,-0.95859
99.5,40.1741,-66.0519,0.28461,-0.958643
99.6,40.2134,-66.1793,0.284418,-0.9587
99.7,40.2528,-66.3066,0.284217,-0.95876
99.8,40.292,-66.4339,0.284007,-0.958822
99.9,40.3313,-66.5612,0.283791,-0.958886
100,40.3705,-66.6886,0.283568,-0.958952
100.1,40.4096,-66.8158,0.283299,-0.959032
100.2,40.4487,-66.9431,0.283043,-0.959107
100.3,40.4877,-67.0704,0.282751,-0.959193
100.4,40.5267,-67.1977,0.282439,-0.959285
100.5,40.5656,-67.3249,0.282115,-0.959381
100.6,40.6044,-67.4522,0.281785,-0.959478
100.7,40.6432,-67.5794,0.281452,-0.959575
100.8,40.6818,-67.7066,0.281119,-0.959673
100.9,40.7205,-67.8338,0.280787,-0.95977
101,40.759,-67.9609,0.280455,-0.959867
101.1,40.7975,-68.0881,0.280126,-0.959963
101.2,40.8359,-68.2152,0.279798,-0.960059
101.3,40.8742,-68.3423,0.279473,-0.960154
101.4,40.9125,-68.4694,0.27915,-0.960248
101.5,40.9507,-68.5964,0.27883,-0.96034
101.6,40.9888,-68.7235,0.278513,-0.960432
101.7,41.0269,-68.8504,0.278295,-0.960496
101.8,41.0649,-68.9774,0.278029,-0.960573
101.9,41.1028,-69.1043,0.277833,-0.960629
102,41.1407,-69.2311,0.27757,-0.960705
102.1,41.1786,-69.3578,0.27737,-0.960763
102.2,41.2163,-69.4845,0.277197,-0.960813
102.3,41.2541,-69.6112,0.27703,-0.960861
102.4,41.2918,-69.7377,0.276858,-0.960911
102.5,41.3294,-69.8642,0.276676,-0.960963
102.6,41.367,-69.9906,0.276484,-0.961019
102.7,41.4045,-70.1169,0.276281,-0.961077
102.8,41.4419,-70.2432,0.276068,-0.961138
102.9,41.4793,-70.3694,0.275848,-0.961201
103,41.5167,-70.4955,0.275621,-0.961266
103.1,41.554,-70.6216,0.27539,-0.961333
103.2,41.5912,-70.7476,0.275155,-0.9614
103.3,41.6283,-70.8736,0.274908,-0.96147
103.4,41.6654,-70.9995,0.274654,-0.961543
103.5,41.7024,-71.1253,0.274397,-0.961617
103.6,41.7394,-71.2511,0.274139,-0.96169
103.7,41.7763,-71.3768,0.273881,-0.961764
103.8,41.8131,-71.5025,0.273625,-0.961836
103.9,41.8499,-71.6281,0.273371,-0.961909
104,41.8866,-71.7536,0.273119,-0.96198
104.1,41.9232,-71.8791,0.27287,-0.962051
104.2,41.9598,-72.0045,0.272623,-0.962121
104.3,41.9963,-72.1298,0.272378,-0.96219
104.4,42.0327,-72.2551,0.272135,-0.962259
104.5,42.069,-72.3803,0.271897,-0.962326
104.6,42.1053,-72.5054,0.27166,-0.962393
104.7,42.1416,-72.6305,0.271426,-0.962459
104.8,42.1778,-72.7555,0.271196,-0.962524
104.9,42.2139,-72.8804,0.270969,-0.962588
105,42.2499,-73.0052,0.270745,-0.962651
105.1,42.2859,-73.13,0.270525,-0.962713
105.2,42.3218,-73.2547,0.270307,-0.962774
105.3,42.3577,-73.3794,0.270094,-0.962834
105.4,42.3935,-73.5039,0.269883,-0.962893
105.5,42.4293,-73.6284,0.269675,-0.962951
105.6,42.465,-73.7529,0.269469,-0.963009
105.7,42.5006,-73.8772,0.269269,-0.963065
105.8,42.5362,-74.0015,0.269073,-0.96312
105.9,42.5717,-74.1257,0.268884,-0.963173
106,42.6072,-74.2499,0.2687,-0.963224
106.1,42.6426,-74.374,0.268526,-0.963273
106.2,42.678,-74.498,0.268358,-0.963319
106.3,42.7133,-74.6219,0.268198,-0.963364
106.4,42.7486,-74.7457,0.268044,-0.963407
106.5,42.7838,-74.8695,0.267897,-0.963448
106.6,42.819,-74.9932,0.267753,-0.963488
106.7,42.8542,-75.1169,0.267614,-0.963526
106.8,42.8893,-75.2404,0.267476,-0.963565
106.9,42.9243,-75.3639,0.26734,-0.963602
107,42.9593,-75.4873,0.267204,-0.96364
107.1,42.9943,-75.6106,0.267068,-0.963678
107.2,43.0292,-75.7339,0.26693,-0.963716
107.3,43.0641,-75.8571,0.266792,-0.963754
107.4,43.0989,-75.9802,0.266651,-0.963793
107.5,43.1337,-76.1032,0.266509,-0.963832
107.6,43.1684,-76.2262,0.266364,-0.963873
107.7,43.2031,-76.3491,0.266217,-0.963913
107.8,43.2377,-76.4718,0.266069,-0.963954
107.9,43.2723,-76.5946,0.265918,-0.963996
108,43.3069,-76.7172,0.265764,-0.964038
108.1,43.3414,-76.8398,0.265609,-0.964081
108.2,43.3758,-76.9623,0.265447,-0.964125
108.3,43.4102,-77.0847,0.265282,-0.964171
108.4,43.4446,-77.207,0.265114,-0.964217
108.5,43.4788,-77.3292,0.264943,-0.964264
108.6,43.5131,-77.4514,0.264768,-0.964312
108.7,43.5473,-77.5734,0.264589,-0.964361
108.8,43.5814,-77.6954,0.264405,-0.964412
108.9,43.6154,-77.8173,0.264215,-0.964464
109,43.6494,-77.9391,0.264018,-0.964518
109.1,43.6834,-78.0609,0.263815,-0.964573
109.2,43.7173,-78.1825,0.263603,-0.964631
109.3,43.7511,-78.304,0.263382,-0.964692
109.4,43.7848,-78.4255,0.263151,-0.964755
109.5,43.8185,-78.5468,0.262902,-0.964822
109.6,43.852,-78.668,0.262639,-0.964894
109.7,43.8855,-78.7892,0.262364,-0.964969
109.8,43.919,-78.9102,0.262082,-0.965046
109.9,43.9523,-79.0312,0.261796,-0.965123
110,43.9856,-79.152,0.261508,-0.965201
110.1,44.0187,-79.2728,0.261219,-0.965279
110.2,44.0518,-79.3934,0.260931,-0.965357
110.3,44.0849,-79.514,0.260643,-0.965435
110.4,44.1178,-79.6344,0.260354,-0.965513
110.5,44.1506,-79.7547,0.260066,-0.965591
110.6,44.1834,-79.875,0.259779,-0.965668
110.7,44.216,-79.9951,0.259492,-0.965745
110.8,44.2486,-80.1151,0.259206,-0.965822
110.9,44.2811,-80.235,0.258922,-0.965898
111,44.3135,-80.3548,0.258641,-0.965973
111.1,44.3458,-80.4744,0.258362,-0.966048
111.2,44.3781,-80.594,0.258085,-0.966122
111.3,44.4102,-80.7134,0.257754,-0.966211
111.4,44.4423,-80.8327,0.257427,-0.966298
111.5,44.4742,-80.952,0.257063,-0.966395
111.6,44.5072,-81.0709,0.262203,-0.965013
111.7,44.5396,-81.1899,0.259713,-0.965686
111.8,44.5728,-81.3088,0.263608,-0.96463
111.9,44.6053,-81.4276,0.260269,-0.965536
112,44.6385,-81.5462,0.263785,-0.964582
112.1,44.671,-81.6649,0.260051,-0.965595
112.2,44.7041,-81.7833,0.263521,-0.964654
112.3,44.7375,-81.9016,0.265393,-0.96414
112.4,44.7712,-82.0197,0.266389,-0.963866
112.5,44.8049,-82.1378,0.266881,-0.96373
112.6,44.8387,-82.2558,0.267067,-0.963678
112.7,44.8724,-82.3736,0.267059,-0.96368
112.8,44.906,-82.4913,0.266927,-0.963717
112.9,44.9396,-82.6089,0.266712,-0.963776
113,44.9731,-82.7263,0.266443,-0.963851
113.1,45.0066,-82.8436,0.266138,-0.963935
113.2,45.0399,-82.9608,0.26581,-0.964025
113.3,45.0731,-83.0778,0.265468,-0.96412
113.4,45.1062,-83.1946,0.26512,-0.964215
113.5,45.1392,-83.3113,0.264776,-0.96431
113.6,45.1721,-83.4278,0.264446,-0.9644
113.7,45.2049,-83.5441,0.264133,-0.964486
113.8,45.2376,-83.6603,0.263835,-0.964568
113.9,45.2702,-83.7762,0.263534,-0.96465
114,45.3027,-83.892,0.263205,-0.96474
114.1,45.3351,-84.0076,0.262857,-0.964835
114.2,45.3674,-84.123,0.262498,-0.964932
114.3,45.3995,-84.2383,0.262135,-0.965031
114.4,45.4315,-84.3533,0.261772,-0.96513
114.5,45.4635,-84.4681,0.261407,-0.965229
114.6,45.4952,-84.5828,0.261041,-0.965328
114.7,45.5269,-84.6972,0.26067,-0.965428
114.8,45.5584,-84.8114,0.260269,-0.965536
114.9,45.5898,-84.9254,0.259859,-0.965647
115,45.6211,-85.0391,0.259442,-0.965759
115.1,45.6522,-85.1526,0.259027,-0.96587
115.2,45.6832,-85.2659,0.258658,-0.965969
115.3,45.7141,-85.379,0.258221,-0.966086
115.4,45.7448,-85.4917,0.257827,-0.966191
115.5,45.7753,-85.6042,0.257432,-0.966297
115.6,45.8057,-85.7164,0.257029,-0.966404
115.7,45.836,-85.8284,0.256621,-0.966512
115.8,45.8661,-85.94,0.256208,-0.966622
115.9,45.896,-86.0513,0.255794,-0.966731
116,45.9258,-86.1623,0.255384,-0.96684
116.1,45.9554,-86.273,0.254976,-0.966947
116.2,45.9849,-86.3834,0.254574,-0.967053
116.3,46.0142,-86.4934,0.254187,-0.967155
116.4,46.0433,-86.6031,0.253817,-0.967252
116.5,46.0723,-86.7124,0.253469,-0.967344
116.6,46.1012,-86.8214,0.253152,-0.967426
116.7,46.1298,-86.93,0.252858,-0.967503
116.8,46.1584,-87.0381,0.252807,-0.967517
116.9,46.1869,-87.1459,0.252764,-0.967528
117,46.2152,-87.2533,0.252694,-0.967546
117.1,46.2435,-87.3603,0.252582,-0.967575
117.2,46.2715,-87.4668,0.25243,-0.967615
117.3,46.2995,-87.5728,0.252747,-0.967532
117.4,46.3274,-87.6783,0.25244,-0.967612
117.5,46.355,-87.7831,0.25272,-0.967539
117.6,46.3825,-87.8873,0.252029,-0.96772
117.7,46.4096,-87.9905,0.251653,-0.967818
117.8,46.4364,-88.093,0.251093,-0.967963
117.9,46.463,-88.1949,0.251047,-0.967975
118,46.4894,-88.2962,0.250976,-0.967993
118.1,46.5157,-88.397,0.2504,-0.968143
118.2,46.5417,-88.4974,0.249926,-0.968265
118.3,46.5679,-88.5972,0.25117,-0.967943
118.4,46.5937,-88.6964,0.250201,-0.968194
118.5,46.6188,-88.7952,0.247432,-0.968905
118.6,46.6436,-88.8936,0.245558,-0.969382
118.7,46.6674,-88.9908,0.242272,-0.970208
118.8,46.6898,-89.0846,0.238759,-0.971079
118.9,46.7127,-89.1822,0.236467,-0.97164
119,46.7325,-89.2796,0.219728,-0.975561
119.1,46.7526,-89.3575,0.249684,-0.968327
119.2,46.7699,-89.4467,0.215714,-0.976457
119.3,46.7879,-89.5386,0.2165,-0.976283
119.4,46.8048,-89.631,0.209946,-0.977713
119.5,46.8236,-89.7262,0.217536,-0.976052
119.6,46.8481,-89.809,0.268983,-0.963145
119.7,46.8661,-89.8973,0.222028,-0.97504
119.8,46.8349,-89.9939,-0.0832718,-0.996527
119.9,46.8222,-90.137,0.0244296,-0.999702
120,46.8589,-90.2727,0.260581,-0.965452
120.1,46.8663,-90.3817,0.142806,-0.989751
120.2,46.8731,-90.475,0.15332,-0.988177
120.3,46.9246,-90.5461,0.450017,-0.89302
120.4,46.9693,-90.612,0.425711,-0.904859
120.5,46.9781,-90.643,0.262518,-0.964927
120.6,47.0243,-90.6828,0.512893,-0.858453
120.7,47.0321,-90.7172,0.24358,-0.969881
120.8,47.0567,-90.7811,0.306694,-0.951808
120.9,47.0684,-90.8481,0.213342,-0.976978
121,47.082,-90.9216,0.217024,-0.976166
121.1,47.078,-90.9482,0.144772,-0.989465
121.2,47.0761,-91.0053,0.127348,-0.991858
121.3,47.0901,-91.0693,0.23646,-0.971641
121.4,47.1204,-91.1826,0.258004,-0.966144
121.5,47.1339,-91.2866,0.180332,-0.983606
121.6,47.1267,-91.4047,0.0585985,-0.998282
121.7,47.1475,-91.5068,0.224543,-0.974464
121.8,47.182,-91.6438,0.25028,-0.968174
121.9,47.1683,-91.7672,0.0247671,-0.999693
122,47.1804,-91.8751,0.172749,-0.984966
122.1,47.1915,-91.9954,0.157079,-0.987586
122.2,47.2027,-92.0979,0.17476,-0.984611
122.3,47.207,-92.2293,0.116568,-0.993183
122.4,47.2049,-92.4037,0.0704394,-0.997516
122.5,47.1501,-92.5564,-0.157842,-0.987464
122.6,47.0458,-92.6843,-0.396197,-0.918166
122.7,46.977,-92.8448,-0.205108,-0.978739
122.8,46.9946,-92.9707,0.201265,-0.979537
122.9,47.0023,-93.0475,0.203922,-0.978987
123,47.0175,-93.1405,0.228189,-0.973617
123.1,47.0719,-93.2419,0.416048,-0.909342
123.2,47.0685,-93.3377,0.11512,-0.993352
123.3,47.0956,-93.415,0.325891,-0.945407
123.4,47.1045,-93.4457,0.307367,-0.951591
123.5,47.0943,-93.4857,0.114645,-0.993407
123.6,47.105,-93.5576,0.234777,-0.972049
123.7,47.1074,-93.6367,0.169928,-0.985456
123.8,47.1557,-93.7276,0.412943,-0.910757
123.9,47.1613,-93.8269,0.168793,-0.985652
124,47.163,-93.9553,0.125904,-0.992042
124.1,47.1713,-94.1094,0.141908,-0.98988
124.2,47.1786,-94.2644,0.138596,-0.990349
124.3,47.25,-94.3639,0.499981,-0.866036
124.4,47.2746,-94.4809,0.255365,-0.966845
124.5,47.281,-94.5512,0.21734,-0.976096
124.6,47.2381,-94.6293,-0.130527,-0.991445
124.7,47.2118,-94.6975,-0.0127381,-0.999919
124.8,47.1945,-94.7784,0.0521844,-0.998637
124.9,47.1801,-94.8596,0.074679,-0.997208
125,47.2008,-94.9051,0.386856,-0.92214
125.1,47.2229,-95.0132,0.265485,-0.964115
125.2,47.2721,-95.0881,0.472839,-0.881149
125.3,47.2785,-95.192,0.186797,-0.982399
125.4,47.2321,-95.2762,-0.135479,-0.99078
125.5,47.2042,-95.4118,-0.00655308,-0.999979
125.6,47.2222,-95.5339,0.236469,-0.971639
125.7,47.2889,-95.6675,0.43042,-0.902629
125.8,47.4044,-95.7898,0.608152,-0.79382
125.9,47.5553,-95.8879,0.738121,-0.674669
126,47.6403,-95.9454,0.671273,-0.74121
126.1,47.7194,-96.0525,0.518476,-0.855092
126.2,47.7536,-96.1636,0.318704,-0.947854
126.3,47.7246,-96.2567,-0.0243909,-0.999703
126.4,47.7587,-96.3412,0.371478,-0.928442
126.5,47.8178,-96.4236,0.499069,-0.866562
126.6,47.8592,-96.6143,0.253072,-0.967447
126.7,47.9187,-96.7592,0.376272,-0.926509
126.8,47.9481,-96.871,0.29815,-0.954519
126.9,47.999,-96.9347,0.5132,-0.858269
127,48.0754,-96.9439,0.808596,-0.588364
127.1,48.0861,-96.9478,0.456149,-0.889903
127.2,48.153,-97.0266,0.536758,-0.843736
127.3,48.2602,-96.9818,0.987635,-0.156772
127.4,48.3651,-96.9825,0.886241,-0.463224
127.5,48.4046,-96.9353,0.953302,-0.302019
127.6,48.4848,-96.9781,0.678822,-0.734303
127.7,48.5315,-96.9909,0.642192,-0.766544
127.8,48.5882,-97.101,0.395534,-0.918451
127.9,48.5986,-97.2426,0.141305,-0.989966
128,48.5971,-97.3969,0.0824148,-0.996598
128.1,48.539,-97.578,-0.150288,-0.988642
128.2,48.6163,-97.7475,0.387717,-0.921778
128.3,48.6566,-97.8925,0.281055,-0.959692
128.4,48.721,-98.018,0.409422,-0.912345
128.5,48.7742,-98.0605,0.564295,-0.825573
128.6,48.8256,-98.0576,0.748136,-0.663545
128.7,48.8826,-98.0566,0.759355,-0.650676
128.8,48.9746,-98.0568,0.854497,-0.519457
128.9,49.0374,-98.116,0.534943,-0.844888
129,49.2056,-98.1104,0.94763,-0.31937
129.1,49.3968,-98.1996,0.792699,-0.609613
129.2,49.5361,-98.2119,0.879322,-0.476227
129.3,49.5821,-98.2468,0.463203,-0.886252
129.4,49.6382,-98.3996,0.275986,-0.961162
129.5,49.5751,-98.5827,-0.216781,-0.97622
129.6,49.5391,-98.7026,-0.143194,-0.989695
129.7,49.6226,-98.795,0.499373,-0.866387
129.8,49.6218,-98.8765,0.0490993,-0.998794
129.9,49.5913,-98.8563,-0.409049,-0.912512
130,49.5892,-98.9898,0.0343612,-0.999409
130.1,49.5909,-99.1698,0.0445731,-0.999006
130.2,49.5549,-99.362,-0.0988423,-0.995103
130.3,49.605,-99.3962,0.513306,-0.858205
130.4,49.6543,-99.3951,0.659419,-0.751776
130.5,49.6937,-99.4564,0.348503,-0.937308
130.6,49.7221,-99.5131,0.28017,-0.95995
130.7,49.7982,-99.6715,0.345289,-0.938497
130.8,49.8958,-99.7782,0.506741,-0.862098
130.9,50.0069,-99.8727,0.570943,-0.82099
131,50.1295,-100.01,0.508254,-0.861207
131.1,50.229,-100.101,0.509408,-0.860525
131.2,50.2627,-100.028,0.990917,0.134476
131.3,50.3272,-99.9674,0.986779,-0.162072
131.4,50.3672,-99.9972,0.280042,-0.959988
131.5,50.432,-100.137,0.243125,-0.969995
131.6,50.3992,-100.302,-0.203759,-0.979021
131.7,50.3044,-100.315,-0.804676,-0.593715
131.8,50.225,-100.319,-0.784466,-0.620172
131.9,50.1831,-100.418,-0.290685,-0.956819
132,50.116,-100.462,-0.552957,-0.83321
132.1,50.0823,-100.536,-0.261369,-0.965239
132.2,50.0789,-100.657,-0.0385348,-0.999257
132.3,50.036,-100.553,-0.812809,0.58253
132.4,50.069,-100.559,0.380738,-0.924683
132.5,50.1946,-100.592,0.766532,-0.642206
132.6,50.2461,-100.59,0.526814,-0.849981
132.7,50.2158,-100.676,-0.263493,-0.964661
132.8,50.2145,-100.749,-0.0879158,-0.996128
132.9,50.2594,-100.775,0.330376,-0.943849
133,50.3937,-100.773,0.874711,-0.484645
133.1,50.5447,-100.818,0.75655,-0.653935
133.2,50.5946,-100.964,0.0976319,-0.995223
133.3,50.634,-101.181,0.0164862,-0.999864
133.4,50.6768,-101.194,-0.000808945,-1
133.5,50.8147,-101.144,0.999285,-0.0378087
133.6,50.9128,-101.231,0.341838,-0.939759
133.7,50.9521,-101.279,-0.149328,-0.988788
133.8,50.9201,-101.331,-0.682475,-0.730909
133.9,50.8036,-101.425,-0.787644,-0.61613
134,50.7383,-101.493,-0.749404,-0.662113
134.1,50.6925,-101.544,-0.752784,-0.658268
134.2,50.6739,-101.603,-0.616334,-0.787485
134.3,50.7078,-101.607,-0.564026,-0.825757
134.4,50.7017,-101.677,-0.540065,-0.841624
134.5,50.6479,-101.68,-0.966072,-0.258273
134.6,50.6411,-101.618,-0.915662,0.401949
134.7,50.7642,-101.646,0.701935,-0.712241
134.8,50.8286,-101.914,0.00301828,-0.999995
134.9,50.8893,-102.019,-0.078894,-0.996883
135,50.8343,-102.015,-0.998935,0.046132
135.1,50.7942,-101.944,-0.835138,0.55004
135.2,50.6566,-101.9,-0.983378,0.181569
135.3,50.4616,-101.983,-0.943236,-0.332122
135.4,50.2842,-102.014,-0.990991,-0.133927
