0.1,57.4866,94.4754
0.2,57.4654,94.4335
0.3,57.439,94.3784
0.4,57.4088,94.3133
0.5,57.3755,94.2406
0.6,57.3402,94.1627
0.7,57.3035,94.0812
0.8,57.2654,93.9972
0.9,57.226,93.9119
1,57.1853,93.8258
1.1,57.1437,93.7396
1.2,57.1015,93.6538
1.3,57.0587,93.5686
1.4,57.0155,93.4841
1.5,56.9715,93.4002
1.6,56.9267,93.3167
1.7,56.8811,93.2335
1.8,56.8343,93.1504
1.9,56.7862,93.0677
2,56.7367,92.9852
2.1,56.6855,92.903
2.2,56.6329,92.8213
2.3,56.5789,92.7403
2.4,56.5236,92.6598
2.5,56.4671,92.5799
2.6,56.4092,92.5006
2.7,56.3498,92.4219
2.8,56.2889,92.3435
2.9,56.2264,92.2651
3,56.1622,92.1876
3.1,56.0964,92.1104
3.2,56.0291,92.0332
3.3,55.9605,91.9555
3.4,55.8903,91.8771
3.5,55.8186,91.7977
3.6,55.7454,91.7171
3.7,55.6708,91.6352
3.8,55.5949,91.5518
3.9,55.5183,91.4671
4,55.4416,91.3815
4.1,55.3647,91.2946
4.2,55.2881,91.2071
4.3,55.2124,91.1198
4.4,55.139,91.0328
4.5,55.0674,90.946
4.6,54.9974,90.8596
4.7,54.9286,90.7736
4.8,54.8607,90.6882
4.9,54.7936,90.6033
5,54.7269,90.519
5.1,54.6604,90.4355
5.2,54.5938,90.3527
5.3,54.5267,90.2703
5.4,54.4592,90.1883
5.5,54.391,90.1078
5.6,54.3222,90.0276
5.7,54.2526,89.9475
5.8,54.1823,89.8667
5.9,54.1112,89.7847
6,54.0393,89.7012
6.1,53.9666,89.6157
6.2,53.8935,89.5281
6.3,53.8199,89.4384
6.4,53.7463,89.3474
6.5,53.6726,89.2558
6.6,53.5986,89.1638
6.7,53.5241,89.0715
6.8,53.4491,88.9792
6.9,53.3735,88.8861
7,53.2969,88.7927
7.1,53.2195,88.6982
7.2,53.1413,88.6021
7.3,53.0627,88.5037
7.4,52.984,88.4026
7.5,52.9055,88.2983
7.6,52.8279,88.1908
7.7,52.7513,88.0801
7.8,52.6758,87.9671
7.9,52.6014,87.8521
8,52.5281,87.7357
8.1,52.4556,87.6184
8.2,52.3841,87.5005
8.3,52.3132,87.3824
8.4,52.2427,87.2643
8.5,52.1725,87.1463
8.6,52.1026,87.0286
8.7,52.0331,86.9113
8.8,51.9642,86.7946
8.9,51.8961,86.6785
9,51.8292,86.5632
9.1,51.7636,86.4489
9.2,51.6996,86.3358
9.3,51.6377,86.2241
9.4,51.5776,86.1136
9.5,51.5191,86.0046
9.6,51.462,85.897
9.7,51.406,85.791
9.8,51.3505,85.6867
9.9,51.2954,85.5841
10,51.2407,85.483
10.1,51.1864,85.3829
10.2,51.1327,85.2838
10.3,51.0797,85.1854
10.4,51.0276,85.0876
10.5,50.976,84.991
10.6,50.9247,84.8952
10.7,50.8736,84.8004
10.8,50.8223,84.7072
10.9,50.7709,84.6156
11,50.7213,84.5252
11.1,50.6723,84.4355
11.2,50.6233,84.3468
11.3,50.5739,84.2593
11.4,50.5238,84.1726
11.5,50.4727,84.087
11.6,50.4205,84.0023
11.7,50.3672,83.9184
11.8,50.3129,83.8349
11.9,50.2575,83.7516
12,50.201,83.6684
12.1,50.1434,83.5849
12.2,50.0846,83.5014
12.3,50.0249,83.4174
12.4,49.9642,83.3329
12.5,49.9024,83.2481
12.6,49.8395,83.1633
12.7,49.7765,83.0775
12.8,49.7126,82.9909
12.9,49.6475,82.9037
13,49.5812,82.8158
13.1,49.5135,82.7273
13.2,49.4447,82.6379
13.3,49.3748,82.5482
13.4,49.3042,82.458
13.5,49.233,82.367
13.6,49.1616,82.2752
13.7,49.0903,82.1822
13.8,49.0194,82.0878
13.9,48.9489,81.9918
14,48.8791,81.8941
14.1,48.8097,81.7946
14.2,48.7413,81.6936
14.3,48.6739,81.5912
14.4,48.6077,81.4878
14.5,48.5427,81.3835
14.6,48.4792,81.2786
14.7,48.417,81.1731
14.8,48.3562,81.0674
14.9,48.2967,80.9614
15,48.2383,80.8553
15.1,48.1821,80.7503
15.2,48.126,80.6447
15.3,48.0715,80.5408
15.4,48.0178,80.4378
15.5,47.9644,80.336
15.6,47.9111,80.2353
15.7,47.8577,80.1355
15.8,47.804,80.0367
15.9,47.7496,79.9387
16,47.6946,79.8415
16.1,47.6388,79.7451
16.2,47.582,79.6492
16.3,47.5244,79.5536
16.4,47.4658,79.4579
16.5,47.4066,79.3622
16.6,47.3467,79.2662
16.7,47.2865,79.1698
16.8,47.2261,79.0728
16.9,47.1658,78.975
17,47.106,78.8765
17.1,47.0469,78.7772
17.2,46.9887,78.677
17.3,46.9318,78.5762
17.4,46.8763,78.4746
17.5,46.8221,78.3726
17.6,46.7692,78.2703
17.7,46.7181,78.1681
17.8,46.669,78.0662
17.9,46.6212,77.9644
18,46.5747,77.8629
18.1,46.5288,77.7617
18.2,46.4834,77.6609
18.3,46.438,77.5604
18.4,46.3923,77.4604
18.5,46.346,77.361
18.6,46.299,77.2621
18.7,46.251,77.1638
18.8,46.2019,77.0659
18.9,46.1515,76.9684
19,46.0997,76.8711
19.1,46.0464,76.7739
19.2,45.9916,76.6768
19.3,45.9351,76.5795
19.4,45.8768,76.4819
19.5,45.8169,76.3837
19.6,45.7552,76.2848
19.7,45.6919,76.1849
19.8,45.6271,76.0839
19.9,45.5609,75.9815
20,45.4937,75.8776
20.1,45.4254,75.772
20.2,45.3563,75.6648
20.3,45.2865,75.5558
20.4,45.2163,75.4452
20.5,45.1458,75.333
20.6,45.0751,75.2193
20.7,45.0045,75.1042
20.8,44.9342,74.9878
20.9,44.8641,74.8703
21,44.7945,74.7518
21.1,44.7255,74.6323
21.2,44.6572,74.512
21.3,44.5897,74.391
21.4,44.5232,74.269
21.5,44.4578,74.146
21.6,44.3933,74.022
21.7,44.3299,73.8967
21.8,44.2673,73.7703
21.9,44.2055,73.6427
22,44.1444,73.514
22.1,44.0838,73.3845
22.2,44.0237,73.2544
22.3,43.9641,73.1243
22.4,43.9049,72.9959
22.5,43.846,72.8689
22.6,43.7877,72.7432
22.7,43.7298,72.6187
22.8,43.6725,72.4952
22.9,43.6157,72.3726
23,43.5595,72.2511
23.1,43.5039,72.1308
23.2,43.4489,72.0117
23.3,43.3946,71.894
23.4,43.3411,71.7779
23.5,43.2885,71.6631
23.6,43.2367,71.5498
23.7,43.1857,71.4377
23.8,43.1353,71.3267
23.9,43.0855,71.2166
24,43.0359,71.1072
24.1,42.9865,70.9982
24.2,42.9371,70.8896
24.3,42.8875,70.7809
24.4,42.8374,70.672
24.5,42.7869,70.5625
24.6,42.7359,70.4521
24.7,42.6843,70.341
24.8,42.6319,70.2289
24.9,42.5786,70.1159
25,42.5245,70.0021
25.1,42.4695,69.8875
25.2,42.4137,69.7723
25.3,42.3572,69.6567
25.4,42.3,69.5409
25.5,42.2422,69.4251
25.6,42.184,69.3098
25.7,42.1253,69.1952
25.8,42.0662,69.0813
25.9,42.0064,68.9678
26,41.9461,68.8549
26.1,41.8852,68.7422
26.2,41.8238,68.6293
26.3,41.7619,68.5162
26.4,41.6996,68.4027
26.5,41.6368,68.2888
26.6,41.5736,68.1743
26.7,41.5101,68.0592
26.8,41.4462,67.9436
26.9,41.3823,67.8275
27,41.3186,67.711
27.1,41.255,67.5945
27.2,41.1916,67.4784
27.3,41.1284,67.3633
27.4,41.0653,67.249
27.5,41.0023,67.1361
27.6,40.9397,67.0241
27.7,40.8771,66.9139
27.8,40.8149,66.8048
27.9,40.7529,66.6969
28,40.6912,66.5899
28.1,40.6298,66.4838
28.2,40.5686,66.3786
28.3,40.5077,66.2745
28.4,40.4468,66.1713
28.5,40.3859,66.0695
28.6,40.3247,65.9685
28.7,40.2633,65.8691
28.8,40.2015,65.7706
28.9,40.1392,65.674
29,40.0767,65.5777
29.1,40.014,65.4828
29.2,39.9513,65.3877
29.3,39.8883,65.2938
29.4,39.8255,65.1991
29.5,39.7623,65.1052
29.6,39.6996,65.0098
29.7,39.6366,64.9138
29.8,39.5736,64.8159
29.9,39.51,64.7178
30,39.4458,64.6187
30.1,39.3812,64.5196
30.2,39.3162,64.4196
30.3,39.2505,64.32
30.4,39.1844,64.2194
30.5,39.1176,64.1191
30.6,39.0505,64.0179
30.7,38.983,63.9176
30.8,38.9151,63.8173
30.9,38.8469,63.7172
31,38.7787,63.6168
31.1,38.7108,63.5156
31.2,38.6431,63.4137
31.3,38.5758,63.3107
31.4,38.509,63.2065
31.5,38.4429,63.1009
31.6,38.3776,62.9941
31.7,38.3127,62.8868
31.8,38.2482,62.7798
31.9,38.1846,62.6706
32,38.121,62.5622
32.1,38.0574,62.4555
32.2,37.9938,62.3506
32.3,37.9304,62.2471
32.4,37.8672,62.1443
32.5,37.8045,62.042
32.6,37.7423,61.94
32.7,37.6807,61.8381
32.8,37.6202,61.737
32.9,37.5605,61.6357
33,37.5018,61.5336
33.1,37.4441,61.4304
33.2,37.3873,61.3259
33.3,37.3313,61.22
33.4,37.2756,61.1131
33.5,37.2204,61.0047
33.6,37.1655,60.897
33.7,37.1107,60.7888
33.8,37.0559,60.6801
33.9,37.0011,60.5708
34,36.9463,60.4608
34.1,36.8916,60.3502
34.2,36.837,60.2407
34.3,36.7825,60.1319
34.4,36.7281,60.0236
34.5,36.6738,59.9158
34.6,36.62,59.8085
34.7,36.5666,59.7019
34.8,36.5139,59.5959
34.9,36.4615,59.4919
35,36.4096,59.3892
35.1,36.3581,59.2874
35.2,36.3069,59.1862
35.3,36.256,59.0855
35.4,36.2025,58.9882
35.5,36.1483,58.8929
35.6,36.0934,58.7989
35.7,36.0397,58.7052
35.8,35.9854,58.6121
35.9,35.9322,58.5189
36,35.8794,58.4258
36.1,35.8269,58.3328
36.2,35.7741,58.2397
36.3,35.7208,58.1485
36.4,35.6671,58.0571
36.5,35.6124,57.9683
36.6,35.5573,57.8797
36.7,35.5003,57.789
36.8,35.4446,57.6985
36.9,35.3866,57.6066
37,35.3295,57.5159
37.1,35.2723,57.425
37.2,35.2157,57.3344
37.3,35.1592,57.2445
37.4,35.1029,57.1551
37.5,35.0473,57.0656
37.6,34.9913,56.9779
37.7,34.9351,56.8902
37.8,34.8784,56.8036
37.9,34.8214,56.7169
38,34.7635,56.6317
38.1,34.7058,56.5466
38.2,34.6477,56.4623
38.3,34.5881,56.3802
38.4,34.5186,56.2954
38.5,34.4555,56.2114
38.6,34.3969,56.1259
38.7,34.3406,56.0404
38.8,34.2853,55.9557
38.9,34.272,55.8982
39,34.2257,55.8031
39.1,34.1984,55.7334
39.2,34.1674,55.6566
39.3,34.1408,55.5754
39.4,34.1065,55.5048
39.5,34.1052,55.3965
39.6,34.0615,55.2733
39.7,34.0148,55.1699
39.8,33.9542,55.0848
39.9,33.8917,54.992
40,33.8311,54.896
40.1,33.7713,54.7951
40.2,33.7127,54.6946
40.3,33.6543,54.5933
40.4,33.5953,54.4911
40.5,33.5303,54.3921
40.6,33.4629,54.2922
40.7,33.3959,54.1927
40.8,33.3239,54.0922
40.9,33.2447,53.9968
41,33.1736,53.9021
41.1,33.1005,53.7934
41.2,33.0321,53.6837
41.3,32.9646,53.5725
41.4,32.8985,53.4634
41.5,32.8239,53.3531
41.6,32.7568,53.2425
41.7,32.6901,53.1277
41.8,32.6227,53.0156
41.9,32.5571,52.9031
42,32.4922,52.7907
42.1,32.4295,52.6803
42.2,32.3649,52.5727
42.3,32.3005,52.4652
42.4,32.2354,52.3614
42.5,32.1716,52.257
42.6,32.0942,52.1562
42.7,32.0221,52.0537
42.8,31.953,51.9516
42.9,31.8862,51.8487
43,31.8206,51.7453
43.1,31.7555,51.6413
43.2,31.6907,51.5373
43.3,31.6262,51.4338
43.4,31.5622,51.3307
43.5,31.4986,51.2278
43.6,31.4351,51.1249
43.7,31.3721,51.0225
43.8,31.3093,50.9199
43.9,31.2469,50.8172
44,31.185,50.7142
44.1,31.1236,50.611
44.2,31.0627,50.5077
44.3,31.0025,50.4045
44.4,30.9435,50.3012
44.5,30.8861,50.1978
44.6,30.8304,50.0949
44.7,30.7769,49.9922
44.8,30.7253,49.8898
44.9,30.6756,49.7874
45,30.6276,49.6851
45.1,30.5814,49.583
45.2,30.5365,49.4812
45.3,30.4928,49.3803
45.4,30.4502,49.2803
45.5,30.4086,49.1811
45.6,30.3679,49.0825
45.7,30.3291,48.9856
45.8,30.2902,48.8889
45.9,30.2531,48.7939
46,30.2159,48.6985
46.1,30.1806,48.6049
46.2,30.1459,48.5118
46.3,30.1142,48.4224
46.4,30.0806,48.3306
46.5,30.0495,48.2432
46.6,30.018,48.1561
46.7,29.9869,48.0708
46.8,29.9555,47.9863
46.9,29.9237,47.9031
47,29.8916,47.8222
47.1,29.8588,47.7425
47.2,29.8254,47.6638
47.3,29.7907,47.5858
47.4,29.7547,47.5085
47.5,29.7174,47.4316
47.6,29.6792,47.3551
47.7,29.6398,47.2796
47.8,29.5996,47.2041
47.9,29.558,47.1293
48,29.5155,47.0543
48.1,29.4716,46.9789
48.2,29.4265,46.9031
48.3,29.3801,46.8264
48.4,29.3326,46.7492
48.5,29.2841,46.6714
48.6,29.2358,46.5945
48.7,29.1864,46.5168
48.8,29.1389,46.4403
48.9,29.094,46.3594
49,29.0468,46.2791
49.1,28.9998,46.1977
49.2,28.9528,46.1147
49.3,28.9231,46.0326
49.4,28.885,45.9479
49.5,28.8439,45.8638
49.6,28.8004,45.7797
49.7,28.7553,45.6967
49.8,28.7075,45.6129
49.9,28.6583,45.5296
50,28.6102,45.4529
50.1,28.5489,45.3869
50.2,28.4946,45.3099
50.3,28.4401,45.2303
50.4,28.3847,45.1462
50.5,28.3283,45.0595
50.6,28.2704,44.9711
50.7,28.211,44.8807
50.8,28.1507,44.7886
50.9,28.0898,44.6943
51,28.0281,44.5984
51.1,27.9655,44.5006
51.2,27.9032,44.4021
51.3,27.8419,44.3032
51.4,27.7819,44.2042
51.5,27.7232,44.1052
51.6,27.667,44.0069
51.7,27.612,43.909
51.8,27.5598,43.8119
51.9,27.5085,43.7145
52,27.4577,43.6177
52.1,27.4076,43.522
52.2,27.3581,43.4276
52.3,27.3088,43.3349
52.4,27.2597,43.2439
52.5,27.2111,43.1544
52.6,27.1631,43.0658
52.7,27.116,42.9785
52.8,27.0695,42.8915
52.9,27.0238,42.8057
53,26.9783,42.7202
53.1,26.9329,42.6353
53.2,26.8875,42.5515
53.3,26.8417,42.4682
53.4,26.7965,42.3868
53.5,26.7516,42.3093
53.6,26.7035,42.234
53.7,26.655,42.1538
53.8,26.6136,42.073
53.9,26.5684,41.9884
54,26.54,41.9181
54.1,26.5023,41.8405
54.2,26.4631,41.7614
54.3,26.4217,41.681
54.4,26.3786,41.6002
54.5,26.3339,41.5183
54.6,26.2877,41.4368
54.7,26.2399,41.3545
54.8,26.1897,41.2737
54.9,26.1364,41.1943
55,26.0827,41.115
55.1,26.0257,41.0394
55.2,25.9686,40.9594
55.3,25.9097,40.8769
55.4,25.8491,40.7922
55.5,25.7863,40.7052
55.6,25.7218,40.6164
55.7,25.6551,40.5259
55.8,25.5864,40.4337
55.9,25.5156,40.3399
56,25.4432,40.2445
56.1,25.369,40.1475
56.2,25.2968,40.0498
56.3,25.2242,39.9517
56.4,25.1505,39.8532
56.5,25.0756,39.7544
56.6,24.9993,39.6552
56.7,24.9219,39.5555
56.8,24.8434,39.4552
56.9,24.7638,39.3544
57,24.6834,39.2531
57.1,24.6022,39.1512
57.2,24.5205,39.0489
57.3,24.4385,38.946
57.4,24.3563,38.8432
57.5,24.274,38.7402
57.6,24.1952,38.6376
57.7,24.1185,38.5349
57.8,24.0434,38.4324
57.9,23.9697,38.3301
58,23.8974,38.2284
58.1,23.8263,38.1272
58.2,23.7562,38.0272
58.3,23.6881,37.9279
58.4,23.6212,37.8297
58.5,23.5555,37.7325
58.6,23.4909,37.6364
58.7,23.4274,37.541
58.8,23.365,37.4463
58.9,23.304,37.3523
59,23.2438,37.2591
59.1,23.1847,37.1666
59.2,23.1262,37.0748
59.3,23.0684,36.9835
59.4,23.0106,36.8926
59.5,22.9531,36.8023
59.6,22.8956,36.7122
59.7,22.8382,36.6225
59.8,22.7807,36.533
59.9,22.7232,36.4436
60,22.6659,36.3544
60.1,22.6085,36.2653
60.2,22.5511,36.1763
60.3,22.4937,36.0879
60.4,22.4358,36
60.5,22.3778,35.9123
60.6,22.3196,35.8249
60.7,22.2616,35.7377
60.8,22.2038,35.6507
60.9,22.1462,35.5636
61,22.0888,35.4763
61.1,22.0316,35.3889
61.2,21.9747,35.3013
61.3,21.9181,35.2136
61.4,21.8617,35.1257
61.5,21.8053,35.0377
61.6,21.749,34.9496
61.7,21.6925,34.8618
61.8,21.6357,34.7743
61.9,21.5788,34.6868
62,21.5217,34.5994
62.1,21.4653,34.5117
62.2,21.4087,34.4241
62.3,21.3526,34.3362
62.4,21.2971,34.2482
62.5,21.242,34.1604
62.6,21.1875,34.0732
62.7,21.1334,33.9862
62.8,21.0796,33.8995
62.9,21.0259,33.813
63,20.9722,33.7267
63.1,20.9183,33.6408
63.2,20.8641,33.555
63.3,20.8096,33.4694
63.4,20.7548,33.3838
63.5,20.6998,33.2983
63.6,20.6444,33.2127
63.7,20.5887,33.1271
63.8,20.533,33.0411
63.9,20.477,32.9549
64,20.4208,32.8685
64.1,20.3642,32.7816
64.2,20.3096,32.6937
64.3,20.2535,32.6062
64.4,20.1989,32.5182
64.5,20.1428,32.4308
64.6,20.088,32.3431
64.7,20.034,32.2553
64.8,19.9803,32.1673
64.9,19.9267,32.0791
65,19.8733,31.9907
65.1,19.8199,31.9019
65.2,19.7665,31.8127
65.3,19.7132,31.7231
65.4,19.6599,31.633
65.5,19.6066,31.5426
65.6,19.5534,31.4516
65.7,19.5003,31.3602
65.8,19.4473,31.2682
65.9,19.3945,31.1759
66,19.3418,31.0834
66.1,19.2893,30.9907
66.2,19.2369,30.898
66.3,19.1847,30.8053
66.4,19.1327,30.7125
66.5,19.081,30.6198
66.6,19.0297,30.527
66.7,18.9788,30.434
66.8,18.9281,30.3408
66.9,18.8777,30.2475
67,18.8253,30.1549
67.1,18.774,30.0616
67.2,18.7215,29.9688
67.3,18.6705,29.8752
67.4,18.6185,29.782
67.5,18.5664,29.689
67.6,18.5145,29.5961
67.7,18.4631,29.5035
67.8,18.4122,29.4112
67.9,18.3619,29.3191
68,18.3123,29.2274
68.1,18.2635,29.1361
68.2,18.2155,29.045
68.3,18.1681,28.9541
68.4,18.1213,28.8633
68.5,18.075,28.7725
68.6,18.0292,28.6815
68.7,17.9839,28.5904
68.8,17.9389,28.4991
68.9,17.8943,28.4074
69,17.85,28.3153
69.1,17.806,28.2227
69.2,17.7624,28.1294
69.3,17.7189,28.0356
69.4,17.6756,27.9414
69.5,17.6323,27.8471
69.6,17.5892,27.7527
69.7,17.5462,27.6582
69.8,17.5035,27.5637
69.9,17.4609,27.4692
70,17.4183,27.3747
70.1,17.3756,27.2801
70.2,17.3324,27.1857
70.3,17.2887,27.0915
70.4,17.2442,26.9974
70.5,17.1987,26.9035
70.6,17.1522,26.8098
70.7,17.1047,26.7163
70.8,17.056,26.623
70.9,17.0063,26.53
71,16.9553,26.4374
71.1,16.903,26.3451
71.2,16.8494,26.2529
71.3,16.7944,26.1606
71.4,16.738,26.068
71.5,16.6801,25.975
71.6,16.6204,25.8816
71.7,16.5588,25.7875
71.8,16.4955,25.6922
71.9,16.43,25.5955
72,16.3626,25.4974
72.1,16.2935,25.3976
72.2,16.2227,25.2968
72.3,16.1505,25.1947
72.4,16.0773,25.0914
72.5,16.0034,24.9871
72.6,15.9297,24.8816
72.7,15.8551,24.7783
72.8,15.7807,24.6759
72.9,15.7069,24.5738
73,15.6338,24.4715
73.1,15.5639,24.3686
73.2,15.496,24.2651
73.3,15.4297,24.1612
73.4,15.3647,24.0569
73.5,15.3006,23.9523
73.6,15.2374,23.8474
73.7,15.1751,23.742
73.8,15.1136,23.6363
73.9,15.0528,23.5304
74,14.9928,23.4247
74.1,14.9332,23.3192
74.2,14.8741,23.2141
74.3,14.8153,23.1093
74.4,14.7569,23.0051
74.5,14.699,22.9014
74.6,14.6415,22.798
74.7,14.5843,22.695
74.8,14.5273,22.5922
74.9,14.4705,22.4896
75,14.4138,22.3873
75.1,14.3571,22.2854
75.2,14.3006,22.1836
75.3,14.2442,22.082
75.4,14.1879,21.9803
75.5,14.1318,21.8786
75.6,14.0757,21.777
75.7,14.0198,21.6753
75.8,13.9642,21.5735
75.9,13.9088,21.4716
76,13.8536,21.3694
76.1,13.7987,21.2672
76.2,13.744,21.1648
76.3,13.6895,21.0625
76.4,13.6351,20.9603
76.5,13.5809,20.8582
76.6,13.5269,20.7561
76.7,13.473,20.654
76.8,13.4192,20.5519
76.9,13.3656,20.4499
77,13.3121,20.348
77.1,13.2589,20.2459
77.2,13.2063,20.1436
77.3,13.154,20.041
77.4,13.1021,19.9381
77.5,13.0504,19.8348
77.6,12.999,19.7311
77.7,12.9481,19.627
77.8,12.8975,19.5224
77.9,12.8475,19.4176
78,12.7981,19.3126
78.1,12.7492,19.2075
78.2,12.7008,19.1024
78.3,12.6529,18.9971
78.4,12.6055,18.8919
78.5,12.5588,18.7868
78.6,12.5126,18.6818
78.7,12.4669,18.5771
78.8,12.4218,18.4727
78.9,12.3771,18.3687
79,12.333,18.2654
79.1,12.2892,18.1627
79.2,12.2459,18.0605
79.3,12.2031,17.9586
79.4,12.1609,17.8571
79.5,12.1193,17.7561
79.6,12.0782,17.6554
79.7,12.0376,17.5552
79.8,11.9977,17.4552
79.9,11.9584,17.3556
80,11.9196,17.2565
80.1,11.8814,17.1581
80.2,11.8436,17.0605
80.3,11.8063,16.9639
80.4,11.7693,16.8683
80.5,11.7327,16.7735
80.6,11.6963,16.6795
80.7,11.6603,16.5864
80.8,11.6244,16.4943
80.9,11.5887,16.4033
81,11.553,16.3131
81.1,11.5175,16.2235
81.2,11.4819,16.1346
81.3,11.4463,16.0464
81.4,11.4109,15.9591
81.5,11.3757,15.8726
81.6,11.3404,15.7865
81.7,11.3051,15.7006
81.8,11.2697,15.6148
81.9,11.2345,15.5292
82,11.1992,15.4436
82.1,11.1642,15.3584
82.2,11.1294,15.2732
82.3,11.0948,15.1879
82.4,11.0603,15.1025
82.5,11.0262,15.0169
82.6,10.9926,14.9317
82.7,10.9595,14.8466
82.8,10.9269,14.7614
82.9,10.8947,14.6761
83,10.863,14.5905
83.1,10.8319,14.5051
83.2,10.8011,14.4199
83.3,10.7709,14.3349
83.4,10.7406,14.2498
83.5,10.7117,14.1661
83.6,10.6811,14.082
83.7,10.6516,13.9999
83.8,10.621,13.917
83.9,10.5912,13.8341
84,10.561,13.7513
84.1,10.532,13.6687
84.2,10.5026,13.5868
84.3,10.474,13.506
84.4,10.4461,13.4264
84.5,10.4186,13.3475
84.6,10.3917,13.2685
84.7,10.3611,13.1935
84.8,10.3326,13.1156
84.9,10.3064,13.0429
85,10.2735,12.9674
85.1,10.2508,12.8988
85.2,10.2277,12.8329
85.3,10.2005,12.7803
85.4,10.1721,12.711
85.5,10.1438,12.6461
85.6,10.1143,12.5772
85.7,10.0933,12.5238
85.8,10.0699,12.4204
85.9,10.039,12.3399
86,10.0279,12.2135
86.1,9.98539,12.126
86.2,9.96444,12.0143
86.3,9.94911,12.0118
86.4,9.91985,11.9761
86.5,9.91824,11.9255
86.6,9.89933,11.8741
86.7,9.87466,11.8123
86.8,9.85422,11.7386
86.9,9.83168,11.6682
87,9.80496,11.5962
87.1,9.78813,11.4752
87.2,9.75325,11.4009
87.3,9.72969,11.3246
87.4,9.70522,11.241
87.5,9.67902,11.1248
87.6,9.64159,11.054
87.7,9.61323,10.9427
87.8,9.57384,10.8407
87.9,9.53548,10.7415
88,9.49841,10.6549
88.1,9.47128,10.5513
88.2,9.43429,10.4507
88.3,9.39904,10.3492
88.4,9.35904,10.2398
88.5,9.32002,10.1354
88.6,9.28111,10.0276
88.7,9.23358,9.91049
88.8,9.18993,9.80685
88.9,9.13423,9.70136
89,9.0887,9.59438
89.1,9.0437,9.48534
89.2,8.99844,9.37285
89.3,8.95172,9.26135
89.4,8.9046,9.14719
89.5,8.857,9.03219
89.6,8.8093,8.91676
89.7,8.76115,8.80071
89.8,8.71271,8.68456
89.9,8.6636,8.569
90,8.61429,8.45255
90.1,8.5646,8.33627
90.2,8.51505,8.21929
90.3,8.46581,8.10213
90.4,8.41745,7.98423
90.5,8.3698,7.86552
90.6,8.32284,7.74681
90.7,8.27644,7.62304
90.8,8.22805,7.50743
90.9,8.18197,7.38829
91,8.14019,7.26998
91.1,8.09866,7.15431
91.2,8.05998,7.0381
91.3,8.02272,6.92363
91.4,7.98607,6.80863
91.5,7.94799,6.69652
91.6,7.90139,6.59086
91.7,7.85958,6.47779
91.8,7.82038,6.36362
91.9,7.78095,6.24744
92,7.74141,6.13305
92.1,7.70828,6.01006
92.2,7.66732,5.92215
92.3,7.62708,5.82837
92.4,7.58759,5.73023
92.5,7.54535,5.65551
92.6,7.51145,5.5641
92.7,7.47618,5.4699
92.8,7.44064,5.35928
92.9,7.40436,5.25433
93,7.32949,5.18116
93.1,7.28492,5.09964
93.2,7.22639,5.02821
93.3,7.18116,4.94711
93.4,7.12351,4.87071
93.5,7.07435,4.7732
93.6,7.01662,4.70354
93.7,6.97967,4.5884
93.8,6.95146,4.44697
93.9,6.92421,4.30866
94,6.87331,4.22522
94.1,6.83488,4.10938
94.2,6.79056,4.00257
94.3,6.74834,3.88793
94.4,6.70288,3.77654
94.5,6.6583,3.67095
94.6,6.61517,3.56484
94.7,6.58236,3.41516
94.8,6.54313,3.33411
94.9,6.52289,3.27884
95,6.49264,3.1746
95.1,6.46151,3.10727
95.2,6.42771,3.08988
95.3,6.38991,3.02265
95.4,6.35569,3.00086
95.5,6.3208,2.93307
95.6,6.29001,2.87574
95.7,6.2564,2.82305
95.8,6.22414,2.75756
95.9,6.20727,2.73539
96,6.17292,2.68126
96.1,6.12925,2.62326
96.2,6.10645,2.51982
96.3,6.05762,2.45908
96.4,5.99726,2.3993
96.5,5.93317,2.33297
96.6,5.86889,2.23235
96.7,5.79048,2.16682
96.8,5.72161,2.06397
96.9,5.6475,1.99467
97,5.57823,1.89664
97.1,5.50938,1.81138
97.2,5.43965,1.72017
97.3,5.36639,1.64156
97.4,5.29231,1.55001
97.5,5.21894,1.46092
97.6,5.14479,1.36744
97.7,5.07021,1.27498
97.8,4.99614,1.18033
97.9,4.92269,1.08434
98,4.85063,0.986534
98.1,4.77975,0.887494
98.2,4.7105,0.786749
98.3,4.6424,0.685123
98.4,4.57567,0.581796
98.5,4.50974,0.477333
98.6,4.44468,0.371506
98.7,4.37991,0.265144
98.8,4.31636,0.157732
98.9,4.25431,0.0499728
99,4.19438,-0.0583285
99.1,4.1365,-0.166582
99.2,4.08042,-0.274797
99.3,4.02561,-0.382249
99.4,3.97154,-0.489106
99.5,3.91744,-0.594711
99.6,3.86297,-0.699636
99.7,3.80801,-0.80396
99.8,3.7528,-0.907935
99.9,3.69746,-1.01144
100,3.64197,-1.11439
100.1,3.58624,-1.21646
100.2,3.53005,-1.31838
100.3,3.47176,-1.41687
100.4,3.41248,-1.51555
100.5,3.35176,-1.61385
100.6,3.29012,-1.71251
100.7,3.2281,-1.81177
100.8,3.16595,-1.9123
100.9,3.10351,-2.01323
101,3.04083,-2.11558
101.1,2.97808,-2.21795
101.2,2.91508,-2.32046
101.3,2.85192,-2.42206
101.4,2.7879,-2.52266
101.5,2.7229,-2.62105
101.6,2.65518,-2.71787
101.7,2.58908,-2.81412
101.8,2.52482,-2.91053
101.9,2.45662,-3.00576
102,2.39081,-3.09983
102.1,2.32278,-3.19452
102.2,2.25478,-3.28655
102.3,2.1864,-3.3797
102.4,2.13674,-3.44451
102.5,2.05801,-3.52705
102.6,1.98449,-3.63942
102.7,1.92058,-3.71961
102.8,1.85765,-3.80782
102.9,1.79713,-3.90025
103,1.74019,-3.99312
103.1,1.68479,-4.08758
103.2,1.63211,-4.18176
103.3,1.57988,-4.2772
103.4,1.52991,-4.37102
103.5,1.47859,-4.4675
103.6,1.42891,-4.55903
103.7,1.37654,-4.65438
103.8,1.32555,-4.74448
103.9,1.27462,-4.83726
104,1.22545,-4.93028
104.1,1.17736,-5.02514
104.2,1.13059,-5.12189
104.3,1.08466,-5.21995
104.4,1.03971,-5.32015
104.5,0.995485,-5.42137
104.6,0.952332,-5.52398
104.7,0.910272,-5.62708
104.8,0.867432,-5.73299
104.9,0.826708,-5.83762
105,0.787355,-5.94262
105.1,0.750188,-6.04732
105.2,0.713451,-6.15207
105.3,0.679826,-6.25815
105.4,0.644612,-6.36285
105.5,0.61621,-6.47311
105.6,0.583255,-6.58074
105.7,0.552166,-6.67527
105.8,0.529664,-6.75904
105.9,0.497789,-6.84708
106,0.468829,-6.93009
106.1,0.438307,-7.01525
106.2,0.409076,-7.0978
106.3,0.380025,-7.18027
106.4,0.349304,-7.26083
106.5,0.318012,-7.33964
106.6,0.28576,-7.41682
106.7,0.252399,-7.49255
106.8,0.21753,-7.56713
106.9,0.180793,-7.6408
107,0.141817,-7.71319
107.1,0.101697,-7.7855
107.2,0.0587126,-7.8577
107.3,0.0139189,-7.93082
107.4,-0.0327336,-8.00506
107.5,-0.0810342,-8.08033
107.6,-0.130754,-8.15654
107.7,-0.181728,-8.23373
107.8,-0.233929,-8.31187
107.9,-0.287476,-8.39101
108,-0.342584,-8.47129
108.1,-0.399501,-8.55266
108.2,-0.458311,-8.6356
108.3,-0.518938,-8.72061
108.4,-0.580237,-8.80712
108.5,-0.642665,-8.89597
108.6,-0.705597,-8.98593
108.7,-0.768976,-9.07647
108.8,-0.83288,-9.16654
108.9,-0.897575,-9.25563
109,-0.962877,-9.34831
109.1,-1.02926,-9.44006
109.2,-1.09679,-9.53068
109.3,-1.16516,-9.62128
109.4,-1.23416,-9.71247
109.5,-1.30341,-9.80495
109.6,-1.3724,-9.89942
109.7,-1.44061,-9.9969
109.8,-1.50808,-10.0979
109.9,-1.57539,-10.2023
110,-1.64267,-10.3099
110.1,-1.71029,-10.4206
110.2,-1.77812,-10.5344
110.3,-1.8462,-10.6508
110.4,-1.91414,-10.7694
110.5,-1.98178,-10.8896
110.6,-2.04896,-11.0106
110.7,-2.11568,-11.1319
110.8,-2.18196,-11.2521
110.9,-2.2478,-11.3716
111,-2.31314,-11.4904
111.1,-2.37788,-11.6081
111.2,-2.44204,-11.7243
111.3,-2.50591,-11.839
111.4,-2.5699,-11.9516
111.5,-2.63431,-12.0628
111.6,-2.69928,-12.1729
111.7,-2.76487,-12.2822
111.8,-2.83107,-12.3909
111.9,-2.89783,-12.4992
112,-2.96508,-12.6074
112.1,-3.03275,-12.7156
112.2,-3.10072,-12.8239
112.3,-3.16895,-12.9323
112.4,-3.23742,-13.0409
112.5,-3.30622,-13.1497
112.6,-3.37755,-13.256
112.7,-3.4485,-13.3638
112.8,-3.51898,-13.473
112.9,-3.58899,-13.5837
113,-3.65847,-13.6958
113.1,-3.72739,-13.8094
113.2,-3.79571,-13.9242
113.3,-3.86345,-14.0403
113.4,-3.93063,-14.1574
113.5,-3.99752,-14.2752
113.6,-4.06403,-14.3937
113.7,-4.13014,-14.5128
113.8,-4.19589,-14.6325
113.9,-4.26131,-14.7526
114,-4.32647,-14.8732
114.1,-4.3914,-14.994
114.2,-4.45615,-15.1151
114.3,-4.52075,-15.2364
114.4,-4.58522,-15.3579
114.5,-4.64959,-15.4795
114.6,-4.71388,-15.6012
114.7,-4.77809,-15.7229
114.8,-4.84224,-15.8448
114.9,-4.90634,-15.9666
115,-4.97039,-16.0886
115.1,-5.03444,-16.2104
115.2,-5.0985,-16.3323
115.3,-5.16256,-16.4541
115.4,-5.22662,-16.5759
115.5,-5.29067,-16.6977
115.6,-5.35472,-16.8193
115.7,-5.41875,-16.941
115.8,-5.48278,-17.0626
115.9,-5.54679,-17.1841
116,-5.61078,-17.3056
116.1,-5.67473,-17.427
116.2,-5.73865,-17.5483
116.3,-5.80251,-17.6696
116.4,-5.86631,-17.7908
116.5,-5.93001,-17.9119
116.6,-5.99357,-18.0328
116.7,-6.05697,-18.1536
116.8,-6.12017,-18.2741
116.9,-6.18315,-18.3944
117,-6.24589,-18.5144
117.1,-6.30836,-18.6342
117.2,-6.37054,-18.7537
117.3,-6.43239,-18.8728
117.4,-6.49388,-18.9915
117.5,-6.55502,-19.1097
117.6,-6.61578,-19.2275
117.7,-6.67619,-19.3447
117.8,-6.73621,-19.4614
117.9,-6.79586,-19.5775
118,-6.85513,-19.693
118.1,-6.91402,-19.8079
118.2,-6.97253,-19.9222
118.3,-7.03067,-20.036
118.4,-7.08844,-20.1492
118.5,-7.14586,-20.2619
118.6,-7.20289,-20.3742
118.7,-7.25952,-20.4861
118.8,-7.31571,-20.5976
118.9,-7.37144,-20.7086
119,-7.42664,-20.8191
119.1,-7.48127,-20.9291
119.2,-7.53531,-21.0385
119.3,-7.58876,-21.1472
119.4,-7.64162,-21.2552
119.5,-7.6939,-21.3625
119.6,-7.74566,-21.4691
119.7,-7.79696,-21.5748
119.8,-7.84788,-21.6798
119.9,-7.89847,-21.784
120,-7.9487,-21.8873
120.1,-7.99827,-21.9896
120.2,-8.04745,-22.0908
120.3,-8.096,-22.1909
120.4,-8.14386,-22.2899
120.5,-8.19101,-22.388
120.6,-8.23746,-22.4852
120.7,-8.28325,-22.5816
120.8,-8.32844,-22.6773
120.9,-8.37311,-22.7725
121,-8.41724,-22.8673
121.1,-8.46093,-22.9617
121.2,-8.50445,-23.0557
121.3,-8.5479,-23.1495
121.4,-8.59117,-23.2432
121.5,-8.63442,-23.3367
121.6,-8.67751,-23.43
121.7,-8.72067,-23.5233
121.8,-8.764,-23.6165
121.9,-8.80765,-23.7098
122,-8.85178,-23.8034
122.1,-8.89648,-23.8971
122.2,-8.94186,-23.9911
122.3,-8.98801,-24.0854
122.4,-9.03505,-24.1799
122.5,-9.08308,-24.2749
122.6,-9.13225,-24.3703
122.7,-9.18264,-24.4664
122.8,-9.23429,-24.563
122.9,-9.2872,-24.6603
123,-9.34135,-24.7583
123.1,-9.39674,-24.857
123.2,-9.45337,-24.9563
123.3,-9.51124,-25.0564
123.4,-9.57026,-25.1573
123.5,-9.63037,-25.2589
123.6,-9.69139,-25.3612
123.7,-9.75319,-25.4644
123.8,-9.81571,-25.5683
123.9,-9.87884,-25.6731
124,-9.94178,-25.7788
124.1,-10.0047,-25.8855
124.2,-10.0676,-25.9929
124.3,-10.1305,-26.1012
124.4,-10.1934,-26.2103
124.5,-10.2562,-26.3202
124.6,-10.319,-26.431
124.7,-10.3816,-26.5425
124.8,-10.4442,-26.6549
124.9,-10.5066,-26.7681
125,-10.5688,-26.8819
125.1,-10.631,-26.9965
125.2,-10.693,-27.1117
125.3,-10.7548,-27.2276
125.4,-10.8165,-27.3441
125.5,-10.878,-27.4612
125.6,-10.9393,-27.5788
125.7,-11.0005,-27.6969
125.8,-11.0615,-27.8154
125.9,-11.1224,-27.9343
126,-11.1831,-28.0536
126.1,-11.2436,-28.1732
126.2,-11.3041,-28.2931
126.3,-11.3644,-28.4132
126.4,-11.4247,-28.5336
126.5,-11.4848,-28.6541
126.6,-11.5449,-28.7749
126.7,-11.6049,-28.8958
126.8,-11.6649,-29.0169
126.9,-11.7248,-29.1382
127,-11.7847,-29.2596
127.1,-11.8445,-29.3811
127.2,-11.9043,-29.5027
127.3,-11.964,-29.6244
127.4,-12.0238,-29.7462
127.5,-12.0835,-29.8681
127.6,-12.1432,-29.9901
127.7,-12.2029,-30.1122
127.8,-12.2626,-30.2344
127.9,-12.3223,-30.3566
128,-12.3819,-30.4789
128.1,-12.4416,-30.6013
128.2,-12.5013,-30.7238
128.3,-12.561,-30.8463
128.4,-12.6208,-30.9688
128.5,-12.6805,-31.0915
128.6,-12.7403,-31.2142
128.7,-12.8001,-31.3369
128.8,-12.8599,-31.4597
128.9,-12.9197,-31.5826
129,-12.9796,-31.7055
129.1,-13.0394,-31.8284
129.2,-13.0993,-31.9514
129.3,-13.1593,-32.0744
129.4,-13.2192,-32.1975
129.5,-13.2792,-32.3207
129.6,-13.3392,-32.4438
129.7,-13.3992,-32.567
129.8,-13.4593,-32.6903
129.9,-13.5194,-32.8136
130,-13.5795,-32.9369
130.1,-13.6396,-33.0602
130.2,-13.6998,-33.1836
130.3,-13.7599,-33.307
130.4,-13.8202,-33.4305
130.5,-13.8804,-33.554
130.6,-13.9407,-33.6775
130.7,-14.001,-33.801
130.8,-14.0613,-33.9246
130.9,-14.1216,-34.0482
131,-14.182,-34.1718
131.1,-14.2424,-34.2954
131.2,-14.3028,-34.4191
131.3,-14.3633,-34.5428
131.4,-14.4238,-34.6665
131.5,-14.4843,-34.7902
131.6,-14.5448,-34.9139
131.7,-14.6053,-35.0377
131.8,-14.6659,-35.1614
131.9,-14.7265,-35.2852
132,-14.7872,-35.409
132.1,-14.8478,-35.5328
132.2,-14.9085,-35.6566
132.3,-14.9693,-35.7804
132.4,-15.03,-35.9042
132.5,-15.0908,-36.028
132.6,-15.1516,-36.1519
132.7,-15.2124,-36.2757
132.8,-15.2732,-36.3996
132.9,-15.3341,-36.5234
133,-15.395,-36.6473
133.1,-15.4559,-36.7712
133.2,-15.5168,-36.895
133.3,-15.5778,-37.0189
133.4,-15.6387,-37.1427
133.5,-15.6997,-37.2666
133.6,-15.7607,-37.3904
133.7,-15.8218,-37.5142
133.8,-15.8828,-37.6381
133.9,-15.9439,-37.7619
134,-16.005,-37.8857
134.1,-16.0661,-38.0094
134.2,-16.1272,-38.1332
134.3,-16.1884,-38.257
134.4,-16.2495,-38.3807
134.5,-16.3107,-38.5045
134.6,-16.3719,-38.6282
134.7,-16.4332,-38.7519
134.8,-16.4944,-38.8755
134.9,-16.5557,-38.9992
135,-16.6169,-39.1228
135.1,-16.6782,-39.2465
135.2,-16.7395,-39.3701
135.3,-16.8008,-39.4937
135.4,-16.8622,-39.6172
135.5,-16.9235,-39.7408
135.6,-16.9849,-39.8643
135.7,-17.0463,-39.9878
135.8,-17.1077,-40.1112
135.9,-17.1692,-40.2347
136,-17.2306,-40.3581
136.1,-17.2921,-40.4815
136.2,-17.3536,-40.6048
136.3,-17.4152,-40.7282
136.4,-17.4767,-40.8515
136.5,-17.5383,-40.9748
136.6,-17.5999,-41.098
136.7,-17.6615,-41.2212
136.8,-17.7231,-41.3444
136.9,-17.7848,-41.4676
137,-17.8465,-41.5908
137.1,-17.9082,-41.7139
137.2,-17.9699,-41.837
137.3,-18.0316,-41.96
137.4,-18.0933,-42.0831
137.5,-18.1551,-42.2061
137.6,-18.2168,-42.3291
137.7,-18.2786,-42.4521
137.8,-18.3404,-42.575
137.9,-18.4022,-42.6979
138,-18.464,-42.8208
138.1,-18.5259,-42.9437
138.2,-18.5877,-43.0665
138.3,-18.6495,-43.1892
138.4,-18.7114,-43.3119
138.5,-18.7733,-43.4345
138.6,-18.8351,-43.557
138.7,-18.897,-43.6795
138.8,-18.9589,-43.8019
138.9,-19.0208,-43.9242
139,-19.0826,-44.0465
139.1,-19.1445,-44.1687
139.2,-19.2064,-44.2909
139.3,-19.2683,-44.413
139.4,-19.3302,-44.5351
139.5,-19.392,-44.6571
139.6,-19.4539,-44.7791
139.7,-19.5158,-44.901
139.8,-19.5777,-45.0229
139.9,-19.6395,-45.1447
140,-19.7014,-45.2666
140.1,-19.7633,-45.3884
140.2,-19.8251,-45.5101
140.3,-19.887,-45.6318
140.4,-19.9488,-45.7535
140.5,-20.0106,-45.8752
140.6,-20.0725,-45.9968
140.7,-20.1343,-46.1185
140.8,-20.1961,-46.2401
140.9,-20.2579,-46.3616
141,-20.3197,-46.4832
141.1,-20.3815,-46.6047
141.2,-20.4433,-46.7262
141.3,-20.5052,-46.8477
141.4,-20.567,-46.9692
141.5,-20.6289,-47.0906
141.6,-20.6907,-47.212
141.7,-20.7526,-47.3334
141.8,-20.8145,-47.4548
141.9,-20.8764,-47.5762
142,-20.9383,-47.6976
142.1,-21.0001,-47.8189
142.2,-21.062,-47.9403
142.3,-21.1239,-48.0616
142.4,-21.1858,-48.1829
142.5,-21.2477,-48.3043
142.6,-21.3095,-48.4256
142.7,-21.3714,-48.5469
142.8,-21.4333,-48.6683
142.9,-21.4952,-48.7896
143,-21.5571,-48.9109
143.1,-21.6189,-49.0323
143.2,-21.6808,-49.1536
143.3,-21.7427,-49.275
143.4,-21.8046,-49.3963
143.5,-21.8664,-49.5177
143.6,-21.9283,-49.6391
143.7,-21.9901,-49.7605
143.8,-22.052,-49.8818
143.9,-22.1138,-50.0032
144,-22.1757,-50.1246
144.1,-22.2375,-50.2461
144.2,-22.2993,-50.3675
144.3,-22.3612,-50.4889
144.4,-22.423,-50.6104
144.5,-22.4848,-50.7318
144.6,-22.5466,-50.8533
144.7,-22.6084,-50.9747
144.8,-22.6702,-51.0962
144.9,-22.7319,-51.2177
145,-22.7937,-51.3392
145.1,-22.8555,-51.4607
145.2,-22.9172,-51.5823
145.3,-22.979,-51.7038
145.4,-23.0407,-51.8254
145.5,-23.1025,-51.9469
145.6,-23.1642,-52.0685
145.7,-23.2259,-52.1901
145.8,-23.2876,-52.3117
145.9,-23.3493,-52.4333
146,-23.411,-52.555
146.1,-23.4726,-52.6766
146.2,-23.5343,-52.7983
146.3,-23.596,-52.9199
146.4,-23.6576,-53.0416
146.5,-23.7193,-53.1632
146.6,-23.781,-53.2849
146.7,-23.8426,-53.4066
146.8,-23.9043,-53.5283
146.9,-23.9659,-53.65
147,-24.0276,-53.7717
147.1,-24.0892,-53.8934
147.2,-24.1508,-54.0151
147.3,-24.2124,-54.1369
147.4,-24.274,-54.2586
147.5,-24.3356,-54.3804
147.6,-24.3972,-54.5021
147.7,-24.4588,-54.6239
147.8,-24.5204,-54.7457
147.9,-24.5819,-54.8675
148,-24.6435,-54.9893
148.1,-24.705,-55.1111
148.2,-24.7666,-55.2329
148.3,-24.8281,-55.3547
148.4,-24.8897,-55.4766
148.5,-24.9512,-55.5984
148.6,-25.0128,-55.7203
148.7,-25.0743,-55.8421
148.8,-25.1358,-55.964
148.9,-25.1973,-56.0858
149,-25.2589,-56.2077
149.1,-25.3204,-56.3296
149.2,-25.3819,-56.4515
149.3,-25.4434,-56.5733
149.4,-25.5049,-56.6952
149.5,-25.5664,-56.8171
149.6,-25.628,-56.939
149.7,-25.6895,-57.0609
149.8,-25.751,-57.1828
149.9,-25.8125,-57.3046
150,-25.874,-57.4265
150.1,-25.9356,-57.5484
150.2,-25.9971,-57.6703
150.3,-26.0586,-57.7922
150.4,-26.1201,-57.914
150.5,-26.1817,-58.0359
150.6,-26.2432,-58.1578
150.7,-26.3047,-58.2796
150.8,-26.3663,-58.4015
150.9,-26.4278,-58.5234
151,-26.4894,-58.6452
151.1,-26.551,-58.767
151.2,-26.6125,-58.8889
151.3,-26.6741,-59.0107
151.4,-26.7357,-59.1325
151.5,-26.7973,-59.2543
151.6,-26.8589,-59.376
151.7,-26.9205,-59.4978
151.8,-26.9821,-59.6196
151.9,-27.0438,-59.7413
152,-27.1054,-59.863
152.1,-27.1671,-59.9847
152.2,-27.2287,-60.1064
152.3,-27.2904,-60.2281
152.4,-27.3521,-60.3498
152.5,-27.4138,-60.4714
152.6,-27.4755,-60.593
152.7,-27.5372,-60.7146
152.8,-27.599,-60.8362
152.9,-27.6607,-60.9577
153,-27.7224,-61.0793
153.1,-27.7842,-61.2008
153.2,-27.846,-61.3222
153.3,-27.9078,-61.4437
153.4,-27.9696,-61.5651
153.5,-28.0314,-61.6865
153.6,-28.0932,-61.8079
153.7,-28.1551,-61.9292
153.8,-28.2169,-62.0505
153.9,-28.2788,-62.1718
154,-28.3407,-62.293
154.1,-28.4026,-62.4142
154.2,-28.4646,-62.5354
154.3,-28.5265,-62.6565
154.4,-28.5885,-62.7776
154.5,-28.6505,-62.8987
154.6,-28.7125,-63.0197
154.7,-28.7745,-63.1407
154.8,-28.8365,-63.2616
154.9,-28.8986,-63.3825
155,-28.9606,-63.5034
155.1,-29.0227,-63.6242
155.2,-29.0849,-63.7449
155.3,-29.147,-63.8656
155.4,-29.2091,-63.9863
155.5,-29.2713,-64.1069
155.6,-29.3335,-64.2274
155.7,-29.3957,-64.3479
155.8,-29.458,-64.4684
155.9,-29.5202,-64.5888
156,-29.5825,-64.7091
156.1,-29.6448,-64.8294
156.2,-29.7071,-64.9496
156.3,-29.7694,-65.0698
156.4,-29.8318,-65.1898
156.5,-29.8942,-65.3099
156.6,-29.9566,-65.4298
156.7,-30.019,-65.5498
156.8,-30.0815,-65.6696
156.9,-30.1439,-65.7894
157,-30.2064,-65.909
157.1,-30.2689,-66.0287
157.2,-30.3315,-66.1482
157.3,-30.394,-66.2677
157.4,-30.4566,-66.387
157.5,-30.5192,-66.5063
157.6,-30.5818,-66.6255
157.7,-30.6444,-66.7446
157.8,-30.707,-66.8637
157.9,-30.7696,-66.9826
158,-30.8323,-67.1014
158.1,-30.895,-67.2202
158.2,-30.9576,-67.3388
158.3,-31.0203,-67.4574
158.4,-31.083,-67.5758
158.5,-31.1457,-67.6942
158.6,-31.2085,-67.8124
158.7,-31.2712,-67.9306
158.8,-31.334,-68.0487
158.9,-31.3967,-68.1666
159,-31.4595,-68.2845
159.1,-31.5223,-68.4022
159.2,-31.5851,-68.5198
159.3,-31.6479,-68.6374
159.4,-31.7107,-68.7548
159.5,-31.7735,-68.8721
159.6,-31.8364,-68.9893
159.7,-31.8993,-69.1063
159.8,-31.9623,-69.2232
159.9,-32.0253,-69.3399
160,-32.0884,-69.4564
160.1,-32.1515,-69.5727
160.2,-32.2147,-69.6888
160.3,-32.2781,-69.8047
160.4,-32.3415,-69.9204
160.5,-32.4049,-70.0358
160.6,-32.4685,-70.151
160.7,-32.532,-70.266
160.8,-32.5956,-70.3808
160.9,-32.6592,-70.4953
161,-32.7229,-70.6097
161.1,-32.7865,-70.724
161.2,-32.8501,-70.838
161.3,-32.9137,-70.9519
161.4,-32.9773,-71.0656
161.5,-33.0409,-71.1792
161.6,-33.1044,-71.2926
161.7,-33.1679,-71.4058
161.8,-33.2314,-71.5189
161.9,-33.2948,-71.6319
162,-33.3582,-71.7447
162.1,-33.4214,-71.8574
162.2,-33.4847,-71.97
162.3,-33.5479,-72.0825
162.4,-33.611,-72.1948
162.5,-33.674,-72.3071
162.6,-33.737,-72.4193
162.7,-33.7999,-72.5313
162.8,-33.8627,-72.6432
162.9,-33.9255,-72.7551
163,-33.9882,-72.8668
163.1,-34.0508,-72.9785
163.2,-34.1134,-73.09
163.3,-34.1759,-73.2014
163.4,-34.2384,-73.3128
163.5,-34.3008,-73.4241
163.6,-34.3631,-73.5352
163.7,-34.4254,-73.6463
163.8,-34.4876,-73.7573
163.9,-34.5497,-73.8682
164,-34.6118,-73.9791
164.1,-34.6739,-74.0899
164.2,-34.7358,-74.2005
164.3,-34.7978,-74.3112
164.4,-34.8596,-74.4217
164.5,-34.9214,-74.5322
164.6,-34.9832,-74.6426
164.7,-35.0449,-74.753
164.8,-35.1066,-74.8632
164.9,-35.1682,-74.9734
165,-35.2298,-75.0836
165.1,-35.2913,-75.1937
165.2,-35.3528,-75.3037
165.3,-35.4143,-75.4137
165.4,-35.4757,-75.5236
165.5,-35.5371,-75.6334
165.6,-35.5984,-75.7432
165.7,-35.6597,-75.8529
165.8,-35.721,-75.9626
165.9,-35.7823,-76.0722
166,-35.8435,-76.1817
166.1,-35.9047,-76.2912
166.2,-35.9659,-76.4006
166.3,-36.027,-76.5099
166.4,-36.0881,-76.6192
166.5,-36.1492,-76.7284
166.6,-36.2108,-76.8373
166.7,-36.2728,-76.9461
166.8,-36.3347,-77.0548
166.9,-36.3965,-77.1635
167,-36.4584,-77.2721
167.1,-36.5202,-77.3806
167.2,-36.5819,-77.4891
167.3,-36.6436,-77.5975
167.4,-36.7052,-77.7058
167.5,-36.7666,-77.814
167.6,-36.8279,-77.922
167.7,-36.8891,-78.0299
167.8,-36.9502,-78.1375
167.9,-37.0112,-78.245
168,-37.0722,-78.3523
168.1,-37.133,-78.4592
168.2,-37.1939,-78.5658
168.3,-37.2547,-78.6717
168.4,-37.3154,-78.777
168.5,-37.376,-78.8818
168.6,-37.4365,-78.9861
168.7,-37.4969,-79.09
168.8,-37.5571,-79.1934
168.9,-37.6173,-79.2964
169,-37.6773,-79.399
169.1,-37.7373,-79.5013
169.2,-37.7972,-79.6032
169.3,-37.8569,-79.7048
169.4,-37.9165,-79.8059
169.5,-37.9757,-79.9063
169.6,-38.0349,-80.0061
169.7,-38.0937,-80.1055
169.8,-38.1522,-80.2046
169.9,-38.2105,-80.3032
170,-38.2685,-80.4012
170.1,-38.3257,-80.4976
170.2,-38.3822,-80.5916
170.3,-38.4403,-80.6798
170.4,-38.4971,-80.767
170.5,-38.5536,-80.855
170.6,-38.6089,-80.9424
170.7,-38.6641,-81.0306
170.8,-38.7182,-81.1196
170.9,-38.7712,-81.2085
171,-38.8236,-81.2975
171.1,-38.8741,-81.3856
171.2,-38.9261,-81.4237
171.3,-38.9706,-81.4806
171.4,-39.0176,-81.5416
171.5,-39.057,-81.6065
171.6,-39.098,-81.6771
171.7,-39.1402,-81.7515
171.8,-39.183,-81.8291
171.9,-39.2241,-81.9083
172,-39.2623,-81.9914
172.1,-39.3007,-82.0782
172.2,-39.3497,-82.1723
172.3,-39.394,-82.2642
172.4,-39.4361,-82.3577
172.5,-39.4791,-82.4506
172.6,-39.522,-82.5419
172.7,-39.5582,-82.622
172.8,-39.5935,-82.6981
172.9,-39.6299,-82.7767
173,-39.6733,-82.8349
173.1,-39.7141,-82.9046
173.2,-39.7617,-82.9847
173.3,-39.7879,-83.0569
173.4,-39.8046,-83.1368
173.5,-39.8321,-83.2119
173.6,-39.8175,-83.2601
173.7,-39.8273,-83.3357
173.8,-39.8335,-83.3744
173.9,-39.8615,-83.4348
174,-39.8878,-83.4982
174.1,-39.9244,-83.5702
174.2,-39.9625,-83.639
174.3,-40.0064,-83.7079
174.4,-40.007,-83.7997
174.5,-40.0325,-83.8481
174.6,-40.1006,-83.8703
174.7,-40.1408,-83.9106
174.8,-40.251,-83.9452
174.9,-40.3449,-83.9598
175,-40.4086,-83.9917
175.1,-40.5223,-84.0108
175.2,-40.6407,-84.054
175.3,-40.7129,-84.1003
175.4,-40.7783,-84.1353
175.5,-40.8436,-84.1589
175.6,-40.907,-84.2325
175.7,-40.9646,-84.2834
175.8,-41.0178,-84.3038
175.9,-41.0262,-84.3628
176,-41.0201,-84.3864
176.1,-41.0639,-84.4128
176.2,-41.0895,-84.4574
176.3,-41.135,-84.4739
176.4,-41.1677,-84.5055
176.5,-41.2282,-84.5477
176.6,-41.2668,-84.5545
176.7,-41.3018,-84.5907
176.8,-41.3653,-84.626
176.9,-41.3833,-84.682
177,-41.4261,-84.7517
177.1,-41.4273,-84.8115
177.2,-41.4338,-84.8249
177.3,-41.4657,-84.8463
177.4,-41.4567,-84.8866
177.5,-41.4758,-84.9469
177.6,-41.4964,-84.9694
177.7,-41.5161,-85.0213
177.8,-41.5374,-85.0645
177.9,-41.5675,-85.1168
178,-41.6384,-85.1461
178.1,-41.6903,-85.1641
178.2,-41.7579,-85.2068
178.3,-41.8237,-85.2949
178.4,-41.9389,-85.3638
178.5,-42.078,-85.3888
178.6,-42.1761,-85.3852
178.7,-42.2282,-85.3618
178.8,-42.2654,-85.3802
178.9,-42.2352,-85.3432
179,-42.2966,-85.3049
179.1,-42.3587,-85.2981
179.2,-42.4082,-85.3164
179.3,-42.4857,-85.3224
179.4,-42.6303,-85.3223
179.5,-42.7341,-85.2934
179.6,-42.8048,-85.2967
179.7,-42.8769,-85.3032
179.8,-42.9453,-85.3298
179.9,-42.9929,-85.3394
180,-43.0355,-85.3936
180.1,-43.0652,-85.4472
180.2,-43.0526,-85.4741
180.3,-43.0706,-85.4614
180.4,-43.1037,-85.4964
180.5,-43.1368,-85.5311
180.6,-43.1713,-85.571
180.7,-43.1952,-85.5934
180.8,-43.1911,-85.6362
180.9,-43.215,-85.714
181,-43.19,-85.7813
181.1,-43.1759,-85.8238
181.2,-43.211,-85.8574
181.3,-43.2688,-85.9355
181.4,-43.2809,-85.9943
181.5,-43.2521,-86.0246
181.6,-43.2656,-86.0283
181.7,-43.2837,-85.9891
181.8,-43.2764,-85.9931
181.9,-43.3174,-85.9908
182,-43.3348,-85.9719
182.1,-43.3793,-85.9531
182.2,-43.4064,-85.9684
182.3,-43.4809,-86.0086
182.4,-43.5353,-86.0897
182.5,-43.5248,-86.144
182.6,-43.5313,-86.2065
182.7,-43.4917,-86.2563
182.8,-43.5325,-86.3102
182.9,-43.5848,-86.3311
183,-43.6154,-86.3184
183.1,-43.6263,-86.3191
183.2,-43.6637,-86.3278
183.3,-43.6836,-86.2909
183.4,-43.6744,-86.2946
183.5,-43.6498,-86.3459
183.6,-43.6619,-86.4071
183.7,-43.7099,-86.442
183.8,-43.7402,-86.5237
183.9,-43.7253,-86.5838
184,-43.7571,-86.626
184.1,-43.8322,-86.6433
184.2,-43.8925,-86.7084
184.3,-43.9499,-86.7702
184.4,-43.9572,-86.898
184.5,-44.0255,-87.0076
184.6,-44.0882,-87.1122
184.7,-44.1561,-87.1672
184.8,-44.2679,-87.1983
184.9,-44.3347,-87.2376
185,-44.3353,-87.1872
185.1,-44.3299,-87.1394
185.2,-44.37,-87.071
185.3,-44.46,-87.0047
185.4,-44.4661,-86.988
185.5,-44.433,-87.0519
185.6,-44.4124,-87.1642
185.7,-44.4536,-87.2877
185.8,-44.5936,-87.3721
185.9,-44.7312,-87.4483
186,-44.8566,-87.5429
186.1,-44.923,-87.6714
186.2,-44.9333,-87.7204
186.3,-44.9459,-87.7593
186.4,-44.9229,-87.7453
186.5,-44.8883,-87.7626
186.6,-44.8983,-87.7515
186.7,-44.862,-87.738
186.8,-44.865,-87.749
186.9,-44.8126,-87.7477
187,-44.7993,-87.7214
187.1,-44.817,-87.6559
187.2,-44.8275,-87.6399
187.3,-44.8325,-87.6735
187.4,-44.7963,-87.7289
187.5,-44.7518,-87.7277
187.6,-44.7467,-87.7008
187.7,-44.7262,-87.7215
187.8,-44.7277,-87.7561
187.9,-44.7793,-87.7887
188,-44.7946,-87.8465
188.1,-44.7427,-87.8877
188.2,-44.7376,-87.9257
188.3,-44.7528,-87.9179
188.4,-44.7985,-87.9868
188.5,-44.796,-88.1158
188.6,-44.7593,-88.2084
188.7,-44.7588,-88.2676
188.8,-44.7797,-88.3105
188.9,-44.8224,-88.2664
189,-44.8506,-88.2379
189.1,-44.8678,-88.3057
189.2,-44.8721,-88.394
189.3,-44.8626,-88.3699
189.4,-44.895,-88.3225
189.5,-44.9624,-88.3108
189.6,-45.0743,-88.3366
189.7,-45.1697,-88.4378
189.8,-45.2248,-88.5586
189.9,-45.2812,-88.5903
190,-45.3204,-88.5926
190.1,-45.333,-88.5962
190.2,-45.3773,-88.6048
190.3,-45.4047,-88.6591
190.4,-45.4429,-88.7509
190.5,-45.4116,-88.8257
190.6,-45.4764,-88.9069
190.7,-45.5909,-88.8924
190.8,-45.6861,-88.9048
190.9,-45.7658,-88.9206
191,-45.8277,-88.8954
191.1,-45.8216,-88.9113
191.2,-45.8505,-88.8591
191.3,-45.8292,-88.8631
191.4,-45.8378,-88.9318
191.5,-45.8819,-88.9752
191.6,-45.8788,-89.0017
191.7,-45.9254,-89.0221
191.8,-45.9602,-89.053
191.9,-46.0214,-89.0985
192,-46.0512,-89.1051
192.1,-46.0629,-89.1261
192.2,-46.1248,-89.135
192.3,-46.1763,-89.1469
192.4,-46.2277,-89.0897
192.5,-46.2556,-89.0889
192.6,-46.2898,-89.1455
192.7,-46.3204,-89.171
192.8,-46.4537,-89.1516
192.9,-46.503,-89.1651
193,-46.4248,-89.2215
193.1,-46.3216,-89.2419
193.2,-46.2763,-89.3323
193.3,-46.1957,-89.3933
193.4,-46.125,-89.4731
193.5,-46.0395,-89.5913
193.6,-45.9853,-89.6755
193.7,-45.9356,-89.7103
193.8,-45.9527,-89.8083
193.9,-45.9929,-89.9032
194,-45.9902,-90.0246
194.1,-46.0167,-90.1867
194.2,-46.1093,-90.2806
194.3,-46.1228,-90.3404
194.4,-46.0672,-90.423
194.5,-46.0511,-90.5682
194.6,-46.0753,-90.6985
194.7,-46.1054,-90.7893
194.8,-46.0834,-90.9377
194.9,-46.0781,-90.963
195,-46.0231,-91.0868
195.1,-45.9726,-91.1983
195.2,-46.0131,-91.3409
195.3,-45.9793,-91.5312
195.4,-45.9794,-91.6805
195.5,-45.9663,-91.8354
195.6,-46.0131,-91.8756
195.7,-46.0357,-91.8404
195.8,-46.0373,-91.8699
195.9,-46.0492,-91.9338
196,-46.0418,-91.9036
196.1,-46.0111,-91.9084
196.2,-46.0629,-91.9411
196.3,-46.1571,-91.9869
196.4,-46.2107,-92.1198
196.5,-46.2171,-92.2312
196.6,-46.2469,-92.3818
196.7,-46.17,-92.3732
196.8,-46.1173,-92.3708
196.9,-46.1598,-92.337
197,-46.1885,-92.3262
197.1,-46.0977,-92.4029
197.2,-46.075,-92.474
197.3,-46.0705,-92.521
197.4,-46.0891,-92.5275
197.5,-46.1195,-92.6074
197.6,-46.1231,-92.7063
197.7,-46.0862,-92.8457
197.8,-45.9153,-92.9813
197.9,-45.8035,-93.1289
198,-45.6978,-93.2693
198.1,-45.5753,-93.257
198.2,-45.5087,-93.1938
198.3,-45.6024,-93.1481
198.4,-45.7318,-93.0522
198.5,-45.8081,-92.9887
198.6,-45.8911,-92.8895
198.7,-45.8138,-92.9159
198.8,-45.6791,-92.8877
198.9,-45.6856,-92.94
199,-45.7427,-92.975
199.1,-45.7501,-93.0137
199.2,-45.7653,-92.9744
199.3,-45.7396,-92.8666
199.4,-45.6166,-92.7361
199.5,-45.4499,-92.6653
199.6,-45.3477,-92.6586
199.7,-45.3201,-92.577
199.8,-45.3247,-92.6359
199.9,-45.3484,-92.7102
200,-45.427,-92.7772
200.1,-45.4473,-92.7591
200.2,-45.378,-92.7188
200.3,-45.3587,-92.7637
200.4,-45.4309,-92.7376
200.5,-45.4586,-92.7354
200.6,-45.5243,-92.7041
200.7,-45.575,-92.7106
200.8,-45.6094,-92.6965
200.9,-45.5676,-92.7458
201,-45.5288,-92.8451
201.1,-45.553,-92.9218
201.2,-45.5854,-92.9056
201.3,-45.6932,-92.8829
201.4,-45.8091,-92.9006
201.5,-45.8821,-92.8586
201.6,-45.8745,-92.7876
201.7,-45.8878,-92.7013
201.8,-45.9895,-92.7458
201.9,-46.1108,-92.7537
202,-46.2138,-92.6716
202.1,-46.2693,-92.523
202.2,-46.3564,-92.4132
202.3,-46.3777,-92.3959
202.4,-46.429,-92.4204
202.5,-46.5201,-92.5187
202.6,-46.634,-92.4945
202.7,-46.7674,-92.5173
202.8,-46.9443,-92.5195
202.9,-47.0614,-92.4332
203,-47.2383,-92.4148
203.1,-47.3129,-92.5419
203.2,-47.2639,-92.6368
203.3,-47.2941,-92.5709
203.4,-47.364,-92.5826
203.5,-47.4282,-92.5924
203.6,-47.4852,-92.6848
203.7,-47.4785,-92.6713
203.8,-47.4622,-92.561
203.9,-47.436,-92.4851
204,-47.41,-92.4982
204.1,-47.3664,-92.5007
204.2,-47.3693,-92.5358
204.3,-47.3766,-92.5986
204.4,-47.3567,-92.5845
204.5,-47.3817,-92.5634
204.6,-47.332,-92.5423
204.7,-47.3246,-92.555
204.8,-47.3307,-92.5197
204.9,-47.3805,-92.4602
205,-47.4449,-92.4228
205.1,-47.4012,-92.4067
205.2,-47.3486,-92.4286
205.3,-47.4046,-92.4518
205.4,-47.5149,-92.3904
205.5,-47.606,-92.3364
205.6,-47.6346,-92.303
205.7,-47.6531,-92.1667
205.8,-47.7311,-92.0613
205.9,-47.8337,-91.9949
206,-47.8675,-92.03
206.1,-47.8712,-92.1019
206.2,-47.9049,-92.216
206.3,-47.9289,-92.3432
206.4,-48.0537,-92.4302
206.5,-48.0419,-92.548
206.6,-48.0424,-92.6816
206.7,-48.013,-92.763
206.8,-48.0163,-92.8886
206.9,-48.076,-92.93
207,-48.1369,-92.9801
207.1,-48.1193,-93.025
207.2,-48.127,-93.1026
207.3,-48.0819,-93.0522
207.4,-48.0339,-93.1124
207.5,-48.0077,-93.1746
207.6,-47.9727,-93.2614
207.7,-47.8865,-93.2881
207.8,-47.8414,-93.279
207.9,-47.7465,-93.2729
208,-47.6747,-93.2237
208.1,-47.719,-93.1649
208.2,-47.7961,-93.2003
208.3,-47.8001,-93.2999
208.4,-47.8315,-93.2963
208.5,-47.7709,-93.1375
208.6,-47.7366,-93.0892
208.7,-47.7702,-93.1143
208.8,-47.8205,-93.0571
208.9,-47.9072,-93.0342
209,-47.9504,-93.0359
209.1,-47.9734,-93.0807
209.2,-47.8947,-93.0809
209.3,-47.7978,-92.931
209.4,-47.7846,-92.8415
209.5,-47.814,-92.7722
209.6,-47.7131,-92.6895
209.7,-47.6202,-92.5907
209.8,-47.5759,-92.5671
209.9,-47.6489,-92.6225
210,-47.6937,-92.6188
210.1,-47.64,-92.5707
210.2,-47.5282,-92.6219
210.3,-47.4192,-92.6918
210.4,-47.2982,-92.6833
210.5,-47.3495,-92.6894
210.6,-47.4387,-92.7436
210.7,-47.4493,-92.8474
210.8,-47.3471,-92.8665
210.9,-47.3132,-92.8827
211,-47.3022,-92.9436
211.1,-47.3052,-92.9617
211.2,-47.2817,-92.9339
211.3,-47.3172,-93.0182
211.4,-47.3162,-93.1851
211.5,-47.3916,-93.2706
211.6,-47.485,-93.2035
211.7,-47.3828,-93.0938
211.8,-47.338,-93.0577
211.9,-47.3604,-93.0337
212,-47.2866,-93.0395
212.1,-47.161,-93.0109
212.2,-47.0642,-93.007
212.3,-47.0487,-92.9902
212.4,-47.1444,-92.9621
212.5,-47.2692,-92.8606
212.6,-47.3243,-92.8127
212.7,-47.273,-92.7887
212.8,-47.2137,-92.8708
212.9,-47.1192,-92.9779
213,-47.039,-93.0243
213.1,-47.0553,-93.0508
213.2,-47.071,-93.1323
213.3,-47.0191,-93.1635
213.4,-46.9199,-93.0788
213.5,-46.877,-92.9752
213.6,-46.8404,-92.9669
213.7,-46.7931,-92.93
213.8,-46.7691,-92.9584
213.9,-46.8195,-92.9111
214,-46.8453,-92.896
214.1,-46.8326,-92.9036
214.2,-46.8259,-92.9543
214.3,-46.7913,-92.9485
214.4,-46.7844,-92.9313
214.5,-46.7487,-92.8637
214.6,-46.6401,-92.8429
214.7,-46.5777,-92.8439
214.8,-46.5626,-92.8503
214.9,-46.593,-92.8669
215,-46.7884,-92.8774
215.1,-46.9655,-92.837
215.2,-47.0033,-92.7399
215.3,-47.0119,-92.7895
215.4,-47.0215,-92.9599
215.5,-47.1251,-93.0047
215.6,-47.2416,-92.9752
215.7,-47.2905,-92.9489
215.8,-47.271,-93.0376
215.9,-47.1711,-93.0729
216,-47.0692,-93.096
216.1,-46.9863,-93.1064
216.2,-46.9316,-93.1567
216.3,-46.8465,-93.1633
216.4,-46.8364,-93.1772
216.5,-46.8235,-93.1606
216.6,-46.8186,-93.2606
216.7,-46.7788,-93.3262
216.8,-46.7295,-93.3634
216.9,-46.6415,-93.3952
217,-46.536,-93.3843
217.1,-46.5738,-93.4002
217.2,-46.697,-93.4495
217.3,-46.6779,-93.5462
217.4,-46.6402,-93.6464
217.5,-46.6746,-93.6477
217.6,-46.6915,-93.6389
217.7,-46.6624,-93.6172
217.8,-46.5926,-93.7048
217.9,-46.5163,-93.8705
218,-46.5364,-94.0148
218.1,-46.6438,-94.1665
218.2,-46.6584,-94.2035
218.3,-46.6544,-94.0723
218.4,-46.7335,-94.0559
218.5,-46.8773,-94.1297
218.6,-46.9699,-94.2222
218.7,-46.9462,-94.4171
218.8,-46.9291,-94.5291
218.9,-46.8817,-94.4672
219,-46.8668,-94.3807
219.1,-46.866,-94.3417
219.2,-46.7917,-94.3528
219.3,-46.6695,-94.3371
219.4,-46.638,-94.2923
219.5,-46.6767,-94.3059
219.6,-46.7555,-94.3917
219.7,-46.8052,-94.5084
219.8,-46.8067,-94.5252
219.9,-46.7648,-94.5746
220,-46.7131,-94.6618
220.1,-46.6602,-94.7056
220.2,-46.6861,-94.6699
220.3,-46.6883,-94.6953
220.4,-46.6304,-94.8051
220.5,-46.5559,-94.8675
220.6,-46.525,-94.938
220.7,-46.4899,-94.9792
220.8,-46.4524,-95.0803
220.9,-46.4643,-95.1357
221,-46.4235,-95.1617
221.1,-46.3398,-95.2056
221.2,-46.3308,-95.3167
221.3,-46.3639,-95.4419
221.4,-46.311,-95.4808
221.5,-46.266,-95.5862
221.6,-46.2139,-95.698
221.7,-46.2381,-95.8001
221.8,-46.2486,-95.8901
221.9,-46.3375,-96.003
222,-46.3612,-96.0689
222.1,-46.3702,-96.0938
222.2,-46.4135,-96.1212
222.3,-46.3835,-96.2511
222.4,-46.4085,-96.3945
222.5,-46.3602,-96.498
222.6,-46.1403,-96.5708
222.7,-46.0682,-96.5193
222.8,-46.0938,-96.4811
222.9,-46.1263,-96.5063
223,-46.1234,-96.5401
223.1,-46.0992,-96.5867
223.2,-46.0965,-96.5561
223.3,-46.1381,-96.4689
223.4,-46.3456,-96.3607
223.5,-46.3475,-96.2087
223.6,-46.3439,-96.094
223.7,-46.3187,-95.9925
223.8,-46.4054,-95.9324
223.9,-46.5726,-95.8678
224,-46.6981,-95.8126
224.1,-46.6464,-95.8639
224.2,-46.6281,-95.852
224.3,-46.6317,-95.8767
224.4,-46.5911,-95.8755
224.5,-46.5876,-95.7874
224.6,-46.5889,-95.8035
224.7,-46.5579,-95.8237
224.8,-46.5253,-95.7603
224.9,-46.4606,-95.7078
225,-46.3481,-95.704
225.1,-46.3045,-95.6481
225.2,-46.2776,-95.5066
225.3,-46.29,-95.3037
225.4,-46.3483,-95.1923
225.5,-46.477,-95.2703
225.6,-46.5369,-95.4242
225.7,-46.586,-95.4377
225.8,-46.5318,-95.4248
225.9,-46.5588,-95.3553
226,-46.5562,-95.2816
226.1,-46.3822,-95.2239
226.2,-46.3482,-95.1415
226.3,-46.4712,-95.086
226.4,-46.5593,-95.1042
226.5,-46.6297,-95.053
226.6,-46.5892,-94.908
226.7,-46.5922,-94.8649
226.8,-46.6369,-94.9679
226.9,-46.6962,-95.0394
227,-46.8181,-95.1231
227.1,-46.8849,-95.3024
227.2,-46.8894,-95.3466
227.3,-46.9482,-95.3241
227.4,-46.9998,-95.2551
227.5,-47.0113,-95.2587
227.6,-46.9354,-95.1901
227.7,-46.903,-95.1448
227.8,-46.9261,-95.1396
227.9,-46.9537,-95.1371
228,-47.0524,-95.1021
228.1,-47.1775,-95.0132
228.2,-47.2839,-94.9061
228.3,-47.3482,-94.8976
228.4,-47.3145,-95.0941
228.5,-47.2323,-95.2971
228.6,-47.1936,-95.4186
228.7,-47.0953,-95.5111
228.8,-47.1734,-95.607
228.9,-47.1505,-95.7615
229,-47.1684,-95.9161
229.1,-47.1236,-95.8249
229.2,-47.1643,-95.7454
229.3,-47.2472,-95.7003
229.4,-47.2681,-95.7744
229.5,-47.3388,-95.7769
229.6,-47.3367,-95.7907
229.7,-47.3278,-95.8261
229.8,-47.3445,-95.9712
229.9,-47.4489,-96.0109
230,-47.4935,-96.0059
230.1,-47.4662,-95.9609
230.2,-47.3847,-95.9919
230.3,-47.3085,-96.1347
230.4,-47.3144,-96.2167
230.5,-47.4359,-96.3079
230.6,-47.4758,-96.2854
230.7,-47.4338,-96.2585
230.8,-47.471,-96.2593
230.9,-47.5534,-96.2161
231,-47.652,-96.242
231.1,-47.7609,-96.2451
231.2,-47.8123,-96.3246
231.3,-47.7638,-96.4095
231.4,-47.8228,-96.3643
231.5,-47.9414,-96.2391
231.6,-47.9709,-96.161
231.7,-47.9243,-96.1525
231.8,-47.9315,-96.212
231.9,-48.0302,-96.3049
232,-48.0237,-96.4651
232.1,-47.9889,-96.5134
232.2,-48.0364,-96.4817
232.3,-48.132,-96.4266
232.4,-48.2383,-96.349
232.5,-48.2012,-96.355
232.6,-48.0508,-96.429
232.7,-48.0115,-96.4977
232.8,-48.0606,-96.5985
232.9,-48.1348,-96.7589
233,-48.2709,-96.9225
233.1,-48.3106,-97.0449
233.2,-48.3148,-97.1228
233.3,-48.4024,-97.1417
233.4,-48.3319,-97.1424
233.5,-48.2638,-97.1854
233.6,-48.209,-97.17
233.7,-48.2282,-97.062
233.8,-48.2604,-96.9916
233.9,-48.1707,-96.8947
234,-48.1219,-96.8892
234.1,-48.2373,-96.9939
234.2,-48.3663,-97.0353
234.3,-48.4217,-96.926
234.4,-48.4068,-96.8294
234.5,-48.5065,-96.743
234.6,-48.6423,-96.7605
234.7,-48.7515,-96.8143
234.8,-48.6958,-96.6745
234.9,-48.745,-96.5986
235,-48.8616,-96.6931
235.1,-48.9804,-96.7109
235.2,-48.9906,-96.6727
235.3,-48.9634,-96.5978
235.4,-48.9056,-96.5515
235.5,-48.7773,-96.6099
235.6,-48.7568,-96.679
235.7,-48.782,-96.6915
235.8,-48.716,-96.7478
235.9,-48.6538,-96.9017
236,-48.5587,-96.8835
236.1,-48.5506,-96.6716
236.2,-48.5666,-96.624
236.3,-48.6022,-96.6419
236.4,-48.6333,-96.7729
236.5,-48.651,-96.8484
236.6,-48.5851,-96.752
236.7,-48.4632,-96.7489
236.8,-48.3354,-96.7659
236.9,-48.1514,-96.7314
237,-48.096,-96.7017
237.1,-48.1818,-96.5889
237.2,-48.1262,-96.4364
237.3,-48.0874,-96.4667
237.4,-48.0915,-96.5737
237.5,-48.0874,-96.5776
237.6,-48.1236,-96.6203
237.7,-48.1858,-96.7379
237.8,-48.2396,-96.8303
237.9,-48.2316,-96.8148
238,-48.1504,-96.7702
238.1,-48.05,-96.8098
238.2,-48.0947,-96.8627
238.3,-48.2047,-96.8246
238.4,-48.1067,-96.7322
238.5,-48.0616,-96.7359
238.6,-48.1316,-96.7921
238.7,-48.1905,-96.7325
238.8,-48.1805,-96.6158
238.9,-48.1878,-96.5066
239,-48.1722,-96.4948
239.1,-48.1688,-96.554
239.2,-48.1592,-96.6618
239.3,-48.1849,-96.6814
239.4,-48.1973,-96.7197
239.5,-48.1896,-96.7813
239.6,-48.166,-96.9064
239.7,-48.2902,-97.2105
239.8,-48.36,-97.1483
239.9,-48.3647,-97.0905
240,-48.3202,-97.1103
240.1,-48.2743,-97.2009
240.2,-48.1058,-97.3258
240.3,-48.0538,-97.3379
240.4,-48.0653,-97.2689
240.5,-48.0695,-97.3143
240.6,-48.1599,-97.4033
240.7,-48.2163,-97.3121
240.8,-48.2268,-97.2085
240.9,-48.1712,-97.1653
241,-48.0336,-97.1582
241.1,-47.9821,-97.0588
241.2,-48.0589,-97.1002
241.3,-48.0912,-97.186
241.4,-48.0452,-97.0525
241.5,-48.1557,-96.9924
241.6,-48.2824,-96.9881
241.7,-48.3259,-96.9324
241.8,-48.3915,-96.9536
241.9,-48.4586,-97.0444
242,-48.5897,-97.0185
242.1,-48.6518,-96.8992
242.2,-48.682,-96.9491
242.3,-48.7688,-96.9479
242.4,-48.7797,-96.9983
242.5,-48.7153,-97.1541
242.6,-48.7314,-97.3408
242.7,-48.8396,-97.448
242.8,-48.7965,-97.4959
242.9,-48.6498,-97.593
243,-48.6069,-97.754
243.1,-48.634,-97.8953
243.2,-48.6074,-97.8543
243.3,-48.6055,-97.79
243.4,-48.5948,-97.6648
243.5,-48.5024,-97.5285
243.6,-48.6299,-97.4808
243.7,-48.764,-97.4842
243.8,-48.7412,-97.573
243.9,-48.6214,-97.6722
244,-48.481,-97.6962
244.1,-48.4758,-97.8541
244.2,-48.4373,-97.993
244.3,-48.374,-98.0829
244.4,-48.2565,-98.1109
244.5,-48.2219,-98.2247
244.6,-48.2494,-98.3736
244.7,-48.2205,-98.4599
244.8,-48.2344,-98.4387
244.9,-48.2265,-98.4335
245,-48.2568,-98.4079
245.1,-48.354,-98.4876
245.2,-48.3583,-98.5704
245.3,-48.4442,-98.5257
245.4,-48.5362,-98.4353
245.5,-48.499,-98.5184
245.6,-48.4687,-98.4867
245.7,-48.4715,-98.4288
245.8,-48.554,-98.3419
245.9,-48.6071,-98.1719
246,-48.6483,-98.0994
246.1,-48.7105,-98.0177
246.2,-48.6245,-97.9515
246.3,-48.5548,-97.8406
246.4,-48.6472,-97.7963
246.5,-48.836,-97.7751
246.6,-48.9387,-97.6798
246.7,-48.8495,-97.6236
246.8,-48.7685,-97.5338
246.9,-48.6991,-97.5449
247,-48.6737,-97.5534
247.1,-48.673,-97.5189
247.2,-48.5931,-97.5777
247.3,-48.5183,-97.6599
247.4,-48.5633,-97.7371
247.5,-48.5857,-97.7542
247.6,-48.5383,-97.7893
247.7,-48.5361,-97.8235
247.8,-48.4951,-97.9021
247.9,-48.5111,-97.9769
248,-48.5068,-97.9773
248.1,-48.3432,-97.9351
248.2,-48.2331,-97.8583
248.3,-48.2744,-97.8439
248.4,-48.2984,-97.8715
248.5,-48.2968,-97.8319
248.6,-48.3204,-97.814
248.7,-48.2805,-97.9772
248.8,-48.3133,-97.9746
248.9,-48.4374,-97.9591
249,-48.5796,-97.8608
249.1,-48.68,-97.814
249.2,-48.7582,-97.9493
249.3,-48.8838,-97.9737
249.4,-48.8496,-98.0009
249.5,-48.9739,-98.0127
249.6,-49.0251,-97.9075
249.7,-49.024,-97.8569
249.8,-48.9759,-97.8835
249.9,-48.886,-97.9498
250,-48.8946,-98.0651
250.1,-49.0204,-98.2494
250.2,-48.9911,-98.2773
250.3,-48.9778,-98.2786
250.4,-48.9771,-98.4155
250.5,-48.9876,-98.4958
250.6,-48.8741,-98.4926
250.7,-48.6503,-98.5704
250.8,-48.4681,-98.6886
250.9,-48.3818,-98.8101
251,-48.4617,-98.8352
251.1,-48.5903,-98.8999
251.2,-48.8457,-98.8577
251.3,-49.0476,-98.9054
251.4,-49.0955,-99.0967
251.5,-49.1373,-99.233
251.6,-49.3667,-99.2654
251.7,-49.4495,-99.2479
251.8,-49.463,-99.2602
251.9,-49.5004,-99.275
252,-49.5325,-99.3395
252.1,-49.6455,-99.3922
252.2,-49.8157,-99.5377
252.3,-49.989,-99.5061
252.4,-50.1718,-99.5029
252.5,-50.3078,-99.541
252.6,-50.3466,-99.581
252.7,-50.3824,-99.5501
252.8,-50.5102,-99.3365
252.9,-50.5617,-99.4159
253,-50.5939,-99.427
253.1,-50.6622,-99.4102
253.2,-50.7096,-99.3423
253.3,-50.9501,-99.2776
253.4,-51.0664,-99.186
253.5,-51.0514,-99.1582
253.6,-51.0788,-99.2159
253.7,-51.1045,-99.2974
253.8,-51.1433,-99.3788
253.9,-51.1569,-99.3945
254,-51.1341,-99.3584
254.1,-51.1734,-99.407
254.2,-51.2284,-99.4808
254.3,-51.1807,-99.646
254.4,-51.189,-99.7542
254.5,-51.2412,-99.8045
254.6,-51.1985,-99.8594
254.7,-51.0901,-100.023
254.8,-51.1836,-100.016
254.9,-51.4179,-100.086
255,-51.6097,-100.073
255.1,-51.6913,-99.9861
255.2,-51.6671,-100.01
255.3,-51.7339,-100.147
255.4,-51.8525,-100.244
255.5,-51.8471,-100.323
255.6,-51.8123,-100.33
255.7,-51.7877,-100.39
255.8,-51.8567,-100.447
255.9,-51.8368,-100.544
256,-51.789,-100.628
256.1,-51.7058,-100.642
256.2,-51.6554,-100.556
256.3,-51.6811,-100.518
256.4,-51.609,-100.44
256.5,-51.5154,-100.355
256.6,-51.4749,-100.297
256.7,-51.379,-100.407
256.8,-51.3078,-100.393
256.9,-51.4113,-100.369
257,-51.4639,-100.428
257.1,-51.4414,-100.536
257.2,-51.3606,-100.564
257.3,-51.3845,-100.537
257.4,-51.3393,-100.529
257.5,-51.2801,-100.51
257.6,-51.2058,-100.502
257.7,-51.2159,-100.566
257.8,-51.1175,-100.538
257.9,-50.9134,-100.523
258,-50.8339,-100.517
258.1,-50.806,-100.712
258.2,-50.7362,-100.873
258.3,-50.7415,-101.012
258.4,-50.7792,-101.169
258.5,-50.7171,-101.275
258.6,-50.6522,-101.31
258.7,-50.7235,-101.309
258.8,-50.8703,-101.284
258.9,-50.8884,-101.296
259,-50.7991,-101.336
259.1,-50.8252,-101.348
259.2,-50.7721,-101.489
259.3,-50.7361,-101.517
259.4,-50.7284,-101.521
259.5,-50.746,-101.594
259.6,-50.6614,-101.658
259.7,-50.6926,-101.593
259.8,-50.7492,-101.586
259.9,-50.7492,-101.732
260,-50.663,-101.744
260.1,-50.5567,-101.645
260.2,-50.4927,-101.613
260.3,-50.2774,-101.655
260.4,-50.0899,-101.696
