0.1,54.4992,59.472,-0.027853,-0.999612
0.2,54.4962,59.4241,-0.0417955,-0.999126
0.3,54.4907,59.361,-0.0558056,-0.998442
0.4,54.4829,59.2864,-0.0674291,-0.997724
0.5,54.4735,59.2033,-0.0740697,-0.997253
0.6,54.4628,59.1139,-0.0787725,-0.996893
0.7,54.4516,59.0206,-0.0804111,-0.996762
0.8,54.4399,58.9248,-0.0817668,-0.996651
0.9,54.4279,58.8272,-0.0832623,-0.996528
1,54.4155,58.7282,-0.0846337,-0.996412
1.1,54.4026,58.6281,-0.0863393,-0.996266
1.2,54.3893,58.527,-0.0886705,-0.996061
1.3,54.3753,58.425,-0.0925258,-0.99571
1.4,54.3602,58.3222,-0.0979192,-0.995194
1.5,54.3437,58.2182,-0.10487,-0.994486
1.6,54.3258,58.1133,-0.112676,-0.993632
1.7,54.306,58.0075,-0.122247,-0.9925
1.8,54.2845,57.902,-0.132486,-0.991185
1.9,54.2606,57.7962,-0.144703,-0.989475
2,54.2348,57.6902,-0.155541,-0.98783
2.1,54.2071,57.5836,-0.164883,-0.986313
2.2,54.1778,57.4766,-0.173301,-0.984869
2.3,54.1469,57.3689,-0.181559,-0.98338
2.4,54.1142,57.2606,-0.189767,-0.981829
2.5,54.0795,57.1519,-0.200307,-0.979733
2.6,54.0428,57.0429,-0.210475,-0.977599
2.7,54.0035,56.9336,-0.222912,-0.974839
2.8,53.9619,56.8233,-0.233947,-0.97225
2.9,53.9175,56.7118,-0.24657,-0.969125
3,53.8708,56.5987,-0.255611,-0.96678
3.1,53.8245,56.4842,-0.25206,-0.967712
3.2,53.7782,56.368,-0.249264,-0.968436
3.3,53.7325,56.2498,-0.244197,-0.969726
3.4,53.6875,56.1297,-0.238316,-0.971188
3.5,53.6434,56.0076,-0.231712,-0.972785
3.6,53.6002,55.8841,-0.225846,-0.974163
3.7,53.5577,55.7588,-0.219981,-0.975504
3.8,53.5195,55.634,-0.200098,-0.979776
3.9,53.4832,55.5076,-0.189517,-0.981877
4,53.4506,55.3806,-0.170757,-0.985313
4.1,53.4211,55.2523,-0.15454,-0.987987
4.2,53.3939,55.1224,-0.14248,-0.989798
4.3,53.3682,54.9909,-0.133811,-0.991007
4.4,53.3441,54.8585,-0.125415,-0.992104
4.5,53.3218,54.7256,-0.116535,-0.993187
4.6,53.3014,54.5925,-0.107009,-0.994258
4.7,53.2855,54.4622,-0.0864564,-0.996256
4.8,53.2728,54.3331,-0.0707964,-0.997491
4.9,53.263,54.2048,-0.0570191,-0.998373
5,53.2556,54.0776,-0.0444701,-0.999011
5.1,53.2507,53.9513,-0.0327719,-0.999463
5.2,53.2478,53.826,-0.0220952,-0.999756
5.3,53.2468,53.7018,-0.0128129,-0.999918
5.4,53.2472,53.5789,-0.00522408,-0.999986
5.5,53.2488,53.457,0.000652738,-1
5.6,53.2513,53.3364,0.00524741,-0.999986
5.7,53.2546,53.2171,0.00970418,-0.999953
5.8,53.2588,53.0991,0.0145823,-0.999894
5.9,53.2641,52.9826,0.0203432,-0.999793
6,53.2705,52.8677,0.0267457,-0.999642
6.1,53.2782,52.7543,0.0339717,-0.999423
6.2,53.2874,52.6422,0.0421152,-0.999113
6.3,53.2981,52.5309,0.0509304,-0.998702
6.4,53.3104,52.4202,0.05997,-0.9982
6.5,53.3244,52.3095,0.0689384,-0.997621
6.6,53.3401,52.1989,0.0781497,-0.996942
6.7,53.3573,52.088,0.086212,-0.996277
6.8,53.3758,51.9765,0.0931269,-0.995654
6.9,53.3954,51.8644,0.0991844,-0.995069
7,53.416,51.7517,0.103755,-0.994603
7.1,53.4373,51.6384,0.107008,-0.994258
7.2,53.4591,51.5247,0.109509,-0.993986
7.3,53.4814,51.4108,0.11186,-0.993724
7.4,53.5042,51.2967,0.114568,-0.993415
7.5,53.5276,51.1825,0.117472,-0.993076
7.6,53.5517,51.068,0.120816,-0.992675
7.7,53.5765,50.9537,0.125119,-0.992142
7.8,53.5991,50.8405,0.113691,-0.993516
7.9,53.6205,50.7277,0.107298,-0.994227
8,53.6412,50.6149,0.103349,-0.994645
8.1,53.6613,50.502,0.100667,-0.99492
8.2,53.6808,50.3889,0.0966287,-0.99532
8.3,53.6998,50.2755,0.0939028,-0.995581
8.4,53.7184,50.1617,0.0919593,-0.995763
8.5,53.7369,50.0475,0.0906339,-0.995884
8.6,53.7555,49.9329,0.0909787,-0.995853
8.7,53.7742,49.8179,0.0915356,-0.995802
8.8,53.7932,49.7025,0.0923671,-0.995725
8.9,53.8123,49.5864,0.09326,-0.995642
9,53.8317,49.4695,0.093585,-0.995611
9.1,53.851,49.3517,0.0932944,-0.995639
9.2,53.8703,49.2331,0.0922964,-0.995732
9.3,53.8894,49.1136,0.0908674,-0.995863
9.4,53.9082,48.9934,0.0893173,-0.996003
9.5,53.9269,48.8724,0.0879415,-0.996126
9.6,53.9455,48.7507,0.0869522,-0.996212
9.7,53.9639,48.628,0.0861152,-0.996285
9.8,53.9825,48.5047,0.0863925,-0.996261
9.9,54.0012,48.3805,0.0863158,-0.996268
10,54.0197,48.2552,0.0850256,-0.996379
10.1,54.0378,48.1284,0.0820568,-0.996628
10.2,54.0551,48.0003,0.0773162,-0.997007
10.3,54.0712,47.8706,0.0709795,-0.997478
10.4,54.0858,47.7394,0.063468,-0.997984
10.5,54.0991,47.607,0.0560887,-0.998426
10.6,54.1109,47.4735,0.0483817,-0.998829
10.7,54.1212,47.3393,0.0407607,-0.999169
10.8,54.1299,47.2043,0.0331274,-0.999451
10.9,54.1371,47.0687,0.0255543,-0.999673
11,54.1427,46.9325,0.0180855,-0.999837
11.1,54.1469,46.7956,0.0105527,-0.999944
11.2,54.1494,46.6581,0.00287002,-0.999996
11.3,54.1504,46.52,-0.00490171,-0.999988
11.4,54.1497,46.3814,-0.0127166,-0.999919
11.5,54.1473,46.2424,-0.0204239,-0.999791
11.6,54.1435,46.1031,-0.0278902,-0.999611
11.7,54.1381,45.9637,-0.0349717,-0.999388
11.8,54.1314,45.8243,-0.0415128,-0.999138
11.9,54.1234,45.6852,-0.0473388,-0.998879
12,54.1144,45.5463,-0.052446,-0.998624
12.1,54.1045,45.4079,-0.0568237,-0.998384
12.2,54.0938,45.27,-0.0605092,-0.998168
12.3,54.0826,45.1327,-0.0635585,-0.997978
12.4,54.0709,44.996,-0.065981,-0.997821
12.5,54.0588,44.86,-0.0677327,-0.997703
12.6,54.0466,44.7247,-0.0688725,-0.997625
12.7,54.0342,44.5899,-0.0694918,-0.997583
12.8,54.0219,44.4559,-0.0696926,-0.997569
12.9,54.0096,44.3224,-0.069549,-0.997579
13,53.9975,44.1895,-0.0691055,-0.997609
13.1,53.9856,44.0572,-0.068372,-0.99766
13.2,53.9739,43.9255,-0.0673438,-0.99773
13.3,53.9625,43.7943,-0.0659953,-0.99782
13.4,53.9514,43.6637,-0.0643081,-0.99793
13.5,53.9408,43.5336,-0.0622576,-0.99806
13.6,53.9308,43.404,-0.0598312,-0.998209
13.7,53.9213,43.275,-0.0570019,-0.998374
13.8,53.9125,43.1463,-0.0537752,-0.998553
13.9,53.9044,43.0181,-0.0501569,-0.998741
14,53.8972,42.8902,-0.0461046,-0.998937
14.1,53.8908,42.7626,-0.0416647,-0.999132
14.2,53.8854,42.6353,-0.036898,-0.999319
14.3,53.881,42.5083,-0.0318723,-0.999492
14.4,53.8777,42.3813,-0.0266679,-0.999644
14.5,53.8753,42.2545,-0.0213279,-0.999773
14.6,53.8741,42.1277,-0.0157211,-0.999876
14.7,53.8741,42.0011,-0.00994412,-0.999951
14.8,53.8751,41.8746,-0.00415156,-0.999991
14.9,53.8773,41.748,0.00150042,-0.999999
15,53.8805,41.6215,0.00689035,-0.999976
15.1,53.8836,41.4956,0.00587463,-0.999983
15.2,53.8866,41.3701,0.00597428,-0.999982
15.3,53.8898,41.2448,0.00665181,-0.999978
15.4,53.8932,41.1194,0.0075249,-0.999972
15.5,53.8967,40.9938,0.00832281,-0.999965
15.6,53.9004,40.8679,0.00888723,-0.99996
15.7,53.9041,40.7416,0.00913466,-0.999958
15.8,53.9078,40.6148,0.00901818,-0.999959
15.9,53.9114,40.4875,0.00849593,-0.999964
16,53.9148,40.3597,0.00764794,-0.999971
16.1,53.918,40.2313,0.00650974,-0.999979
16.2,53.921,40.1025,0.00518234,-0.999987
16.3,53.9236,39.9733,0.00363724,-0.999993
16.4,53.9259,39.8437,0.0018699,-0.999998
16.5,53.9279,39.7137,-0.000116297,-1
16.6,53.9293,39.5834,-0.0023107,-0.999997
16.7,53.9303,39.4528,-0.00469333,-0.999989
16.8,53.9308,39.322,-0.00725383,-0.999974
16.9,53.9308,39.191,-0.00997615,-0.99995
17,53.9301,39.06,-0.0128358,-0.999918
17.1,53.9289,38.9288,-0.0158073,-0.999875
17.2,53.9271,38.7977,-0.0188469,-0.999822
17.3,53.9246,38.6666,-0.0219184,-0.99976
17.4,53.9215,38.5357,-0.0249731,-0.999688
17.5,53.9179,38.405,-0.0279497,-0.999609
17.6,53.9137,38.2746,-0.0307798,-0.999526
17.7,53.9089,38.1445,-0.0334129,-0.999442
17.8,53.9037,38.0147,-0.0357998,-0.999359
17.9,53.8981,37.8853,-0.0378992,-0.999282
18,53.8922,37.7564,-0.0397007,-0.999212
18.1,53.8859,37.6278,-0.0412076,-0.999151
18.2,53.8795,37.4997,-0.0424407,-0.999099
18.3,53.8728,37.372,-0.0434265,-0.999057
18.4,53.866,37.2448,-0.0441857,-0.999023
18.5,53.8592,37.118,-0.0447519,-0.998998
18.6,53.8522,36.9915,-0.0451557,-0.99898
18.7,53.8452,36.8656,-0.0454355,-0.998967
18.8,53.8383,36.74,-0.0456194,-0.998959
18.9,53.8313,36.6149,-0.0457506,-0.998953
19,53.8243,36.4903,-0.0458688,-0.998948
19.1,53.8172,36.3661,-0.0459762,-0.998943
19.2,53.8102,36.2423,-0.0460947,-0.998937
19.3,53.8033,36.1191,-0.0460636,-0.998939
19.4,53.7962,35.9963,-0.046326,-0.998926
19.5,53.7893,35.8739,-0.0463282,-0.998926
19.6,53.7822,35.7519,-0.0468155,-0.998904
19.7,53.7751,35.6302,-0.0469841,-0.998896
19.8,53.768,35.5088,-0.0472669,-0.998882
19.9,53.7608,35.3878,-0.0474642,-0.998873
20,53.7536,35.2671,-0.0477231,-0.998861
20.1,53.7464,35.147,-0.0479329,-0.998851
20.2,53.7392,35.0276,-0.0481468,-0.99884
20.3,53.7319,34.9089,-0.0484472,-0.998826
20.4,53.7246,34.791,-0.0488855,-0.998804
20.5,53.7173,34.6741,-0.0495015,-0.998774
20.6,53.7098,34.5582,-0.0504859,-0.998725
20.7,53.7021,34.4434,-0.0520929,-0.998642
20.8,53.694,34.3298,-0.0540459,-0.998538
20.9,53.6856,34.2172,-0.0563467,-0.998411
21,53.6768,34.1053,-0.0588695,-0.998266
21.1,53.6675,33.994,-0.0614596,-0.99811
21.2,53.6578,33.8829,-0.0639353,-0.997954
21.3,53.6477,33.772,-0.0661851,-0.997807
21.4,53.6372,33.6609,-0.0680426,-0.997682
21.5,53.6265,33.5496,-0.0693629,-0.997591
21.6,53.6156,33.4378,-0.0699756,-0.997549
21.7,53.6048,33.3257,-0.0695832,-0.997576
21.8,53.5942,33.2132,-0.0681706,-0.997674
21.9,53.584,33.1002,-0.065744,-0.997837
22,53.5744,32.9867,-0.0621918,-0.998064
22.1,53.5656,32.8726,-0.0575938,-0.99834
22.2,53.5578,32.7579,-0.0520943,-0.998642
22.3,53.5513,32.6429,-0.0454599,-0.998966
22.4,53.546,32.5274,-0.0381504,-0.999272
22.5,53.5421,32.4115,-0.0308355,-0.999524
22.6,53.5395,32.2951,-0.0238342,-0.999716
22.7,53.5381,32.1784,-0.0174417,-0.999848
22.8,53.5378,32.0613,-0.0116194,-0.999933
22.9,53.5385,31.9438,-0.00641164,-0.999979
23,53.54,31.826,-0.00175504,-0.999998
23.1,53.5423,31.7079,0.00253398,-0.999997
23.2,53.5453,31.5896,0.00610686,-0.999981
23.3,53.5488,31.4712,0.0087228,-0.999962
23.4,53.5526,31.3525,0.0101411,-0.999949
23.5,53.5564,31.2337,0.0103141,-0.999947
23.6,53.56,31.1146,0.00943741,-0.999955
23.7,53.5634,30.9952,0.00788512,-0.999969
23.8,53.5664,30.8757,0.00596825,-0.999982
23.9,53.569,30.7558,0.00395371,-0.999992
24,53.5713,30.6357,0.00204266,-0.999998
24.1,53.5733,30.5153,0.000374043,-1
24.2,53.575,30.3945,-0.00103467,-0.999999
24.3,53.5764,30.2735,-0.00213564,-0.999998
24.4,53.5778,30.1521,-0.00293998,-0.999996
24.5,53.579,30.0304,-0.00349102,-0.999994
24.6,53.5801,29.9083,-0.00384439,-0.999993
24.7,53.5813,29.7858,-0.00408458,-0.999992
24.8,53.5823,29.663,-0.00421054,-0.999991
24.9,53.5834,29.5398,-0.00431004,-0.999991
25,53.5845,29.4161,-0.00440497,-0.99999
25.1,53.5855,29.292,-0.00445157,-0.99999
25.2,53.5866,29.1675,-0.00448652,-0.99999
25.3,53.5876,29.0426,-0.00453763,-0.99999
25.4,53.5886,28.9173,-0.00461331,-0.999989
25.5,53.5896,28.7915,-0.00472287,-0.999989
25.6,53.5906,28.6653,-0.00484089,-0.999988
25.7,53.5915,28.5388,-0.00499792,-0.999988
25.8,53.5924,28.4119,-0.00521182,-0.999986
25.9,53.5933,28.2847,-0.00550937,-0.999985
26,53.594,28.1572,-0.00589746,-0.999983
26.1,53.5947,28.0295,-0.00638849,-0.99998
26.2,53.5952,27.9014,-0.00697944,-0.999976
26.3,53.5956,27.7731,-0.00768528,-0.99997
26.4,53.5959,27.6446,-0.00851459,-0.999964
26.5,53.596,27.5159,-0.00946725,-0.999955
26.6,53.5958,27.3871,-0.0105354,-0.999945
26.7,53.5954,27.258,-0.0117033,-0.999932
26.8,53.5948,27.1288,-0.0129551,-0.999916
26.9,53.5939,26.9995,-0.014274,-0.999898
27,53.5927,26.87,-0.0156538,-0.999877
27.1,53.5913,26.7404,-0.017092,-0.999854
27.2,53.5895,26.6107,-0.0185995,-0.999827
27.3,53.5874,26.4809,-0.0202182,-0.999796
27.4,53.585,26.351,-0.0220304,-0.999757
27.5,53.5821,26.2211,-0.0241657,-0.999708
27.6,53.5786,26.0914,-0.0273426,-0.999626
27.7,53.5742,25.962,-0.031782,-0.999495
27.8,53.5687,25.8332,-0.0376392,-0.999291
27.9,53.5617,25.7052,-0.0447356,-0.998999
28,53.5533,25.5782,-0.0524718,-0.998622
28.1,53.5435,25.4523,-0.060171,-0.998188
28.2,53.5323,25.3275,-0.0673755,-0.997728
28.3,53.5199,25.2039,-0.0739935,-0.997259
28.4,53.5064,25.0814,-0.0798865,-0.996804
28.5,53.492,24.9601,-0.0850722,-0.996375
28.6,53.4768,24.8399,-0.0895561,-0.995982
28.7,53.461,24.7209,-0.0933208,-0.995636
28.8,53.4447,24.6029,-0.0963226,-0.99535
28.9,53.4281,24.4861,-0.0985016,-0.995137
29,53.4114,24.3704,-0.0999549,-0.994992
29.1,53.3946,24.2557,-0.100474,-0.99494
29.2,53.378,24.142,-0.100108,-0.994977
29.3,53.3617,24.0292,-0.0988176,-0.995106
29.4,53.346,23.9173,-0.0965852,-0.995325
29.5,53.3308,23.8062,-0.0934959,-0.99562
29.6,53.3164,23.6958,-0.0896958,-0.995969
29.7,53.3029,23.5861,-0.0853195,-0.996354
29.8,53.2902,23.4771,-0.0805622,-0.99675
29.9,53.2788,23.3694,-0.0747435,-0.997203
30,53.2686,23.263,-0.067806,-0.997699
30.1,53.2599,23.1574,-0.0600792,-0.998194
30.2,53.2526,23.0524,-0.0518468,-0.998655
30.3,53.2469,22.9477,-0.0433076,-0.999062
30.4,53.2426,22.8428,-0.0346859,-0.999398
30.5,53.2398,22.7377,-0.0263004,-0.999654
30.6,53.2384,22.6319,-0.018494,-0.999829
30.7,53.2381,22.5254,-0.0117276,-0.999931
30.8,53.2388,22.4181,-0.00634931,-0.99998
30.9,53.2402,22.3097,-0.00258513,-0.999997
31,53.2419,22.2005,-0.000457304,-1
31.1,53.2438,22.0903,0.000344055,-1
31.2,53.2458,21.9799,0.000815874,-1
31.3,53.2478,21.8694,0.00115423,-0.999999
31.4,53.25,21.7588,0.00160925,-0.999999
31.5,53.2522,21.6479,0.00228169,-0.999997
31.6,53.2546,21.5368,0.00323737,-0.999995
31.7,53.2573,21.4253,0.00443081,-0.99999
31.8,53.2602,21.3134,0.00570695,-0.999984
31.9,53.2633,21.2008,0.00686368,-0.999977
32,53.2665,21.0877,0.00758267,-0.999971
32.1,53.2698,20.974,0.00770524,-0.99997
32.2,53.273,20.8597,0.0071692,-0.999974
32.3,53.2759,20.7451,0.00603202,-0.999982
32.4,53.2788,20.6303,0.00511665,-0.999987
32.5,53.2814,20.5156,0.00437628,-0.99999
32.6,53.2841,20.401,0.0040586,-0.999992
32.7,53.2867,20.2864,0.00417505,-0.999991
32.8,53.2895,20.1718,0.00474997,-0.999989
32.9,53.2924,20.0569,0.00563556,-0.999984
33,53.2955,19.9417,0.00667948,-0.999978
33.1,53.2988,19.8261,0.00766763,-0.999971
33.2,53.3023,19.7101,0.00837847,-0.999965
33.3,53.3058,19.5935,0.0086105,-0.999963
33.4,53.3092,19.4766,0.00809892,-0.999967
33.5,53.3124,19.3593,0.00691725,-0.999976
33.6,53.3154,19.2421,0.00590187,-0.999983
33.7,53.3183,19.1251,0.00496928,-0.999988
33.8,53.321,19.0084,0.00421647,-0.999991
33.9,53.3236,18.8919,0.00391822,-0.999992
34,53.3263,18.7755,0.0042244,-0.999991
34.1,53.3292,18.6591,0.00513883,-0.999987
34.2,53.3324,18.5427,0.00655354,-0.999979
34.3,53.3358,18.4259,0.00829659,-0.999966
34.4,53.3397,18.3087,0.010145,-0.999949
34.5,53.3439,18.1909,0.0118672,-0.99993
34.6,53.3483,18.0726,0.01333,-0.999911
34.7,53.353,17.9535,0.0145309,-0.999894
34.8,53.3579,17.8337,0.0154341,-0.999881
34.9,53.3631,17.7136,0.0170169,-0.999855
35,53.3686,17.5933,0.0186038,-0.999827
35.1,53.3744,17.4726,0.0200353,-0.999799
35.2,53.3805,17.3514,0.0213698,-0.999772
35.3,53.3868,17.2297,0.0227257,-0.999742
35.4,53.3934,17.1071,0.0240362,-0.999711
35.5,53.4002,16.9836,0.0250152,-0.999687
35.6,53.4072,16.859,0.0253842,-0.999678
35.7,53.4141,16.7331,0.0248816,-0.99969
35.8,53.4207,16.6057,0.0232798,-0.999729
35.9,53.4268,16.4769,0.0204621,-0.999791
36,53.4321,16.3466,0.0164687,-0.999864
36.1,53.4364,16.2149,0.011532,-0.999933
36.2,53.4397,16.082,0.00588351,-0.999983
36.3,53.4417,15.9482,-0.00016055,-1
36.4,53.4424,15.8136,-0.00628587,-0.99998
36.5,53.442,15.6785,-0.012206,-0.999926
36.6,53.4404,15.5432,-0.0177816,-0.999842
36.7,53.4377,15.408,-0.0228457,-0.999739
36.8,53.4342,15.2728,-0.0273141,-0.999627
36.9,53.4298,15.138,-0.0312103,-0.999513
37,53.4248,15.0036,-0.0345432,-0.999403
37.1,53.4192,14.8695,-0.0373908,-0.999301
37.2,53.4132,14.7359,-0.0397643,-0.999209
37.3,53.4067,14.6027,-0.0417116,-0.99913
37.4,53.4,14.47,-0.0432748,-0.999063
37.5,53.393,14.3378,-0.044488,-0.99901
37.6,53.3859,14.2062,-0.0453754,-0.99897
37.7,53.3787,14.0752,-0.045956,-0.998943
37.8,53.3715,13.9448,-0.0462333,-0.998931
37.9,53.3643,13.8153,-0.0461203,-0.998936
38,53.3573,13.6866,-0.0456647,-0.998957
38.1,53.3504,13.5589,-0.0447196,-0.999
38.2,53.3439,13.432,-0.0434173,-0.999057
38.3,53.3377,13.306,-0.0419226,-0.999121
38.4,53.3319,13.1808,-0.0402347,-0.99919
38.5,53.3264,13.0564,-0.0384459,-0.999261
38.6,53.3214,12.9327,-0.0366501,-0.999328
38.7,53.3166,12.8095,-0.0348968,-0.999391
38.8,53.3122,12.6869,-0.0332988,-0.999445
38.9,53.3081,12.5648,-0.0319316,-0.99949
39,53.3042,12.4432,-0.0308495,-0.999524
39.1,53.3005,12.322,-0.0300541,-0.999548
39.2,53.2969,12.2013,-0.0294636,-0.999566
39.3,53.2934,12.081,-0.0290522,-0.999578
39.4,53.2899,11.9611,-0.0291,-0.999577
39.5,53.2863,11.8417,-0.0293124,-0.99957
39.6,53.2827,11.7226,-0.0300423,-0.999549
39.7,53.2789,11.6039,-0.0309493,-0.999521
39.8,53.2748,11.4855,-0.0323175,-0.999478
39.9,53.2704,11.3674,-0.0339884,-0.999422
40,53.2657,11.2496,-0.0358589,-0.999357
40.1,53.2606,11.132,-0.0377862,-0.999286
40.2,53.2551,11.0146,-0.0399716,-0.999201
40.3,53.2496,10.8974,-0.0404441,-0.999182
40.4,53.2439,10.7804,-0.0413257,-0.999146
40.5,53.2379,10.6636,-0.0425314,-0.999095
40.6,53.2317,10.5467,-0.043993,-0.999032
40.7,53.2252,10.4298,-0.0456681,-0.998957
40.8,53.2183,10.3128,-0.0473575,-0.998878
40.9,53.2111,10.1956,-0.049273,-0.998785
41,53.2035,10.0781,-0.0512328,-0.998687
41.1,53.1955,9.9602,-0.0530486,-0.998592
41.2,53.1872,9.84174,-0.0544153,-0.998518
41.3,53.1788,9.72272,-0.0550142,-0.998486
41.4,53.1705,9.60318,-0.0543219,-0.998523
41.5,53.1624,9.48316,-0.0526643,-0.998612
41.6,53.155,9.36299,-0.0497231,-0.998763
41.7,53.1482,9.24282,-0.0461606,-0.998934
41.8,53.1421,9.12269,-0.042357,-0.999103
41.9,53.1367,9.00262,-0.0386314,-0.999254
42,53.132,8.88256,-0.0350464,-0.999386
42.1,53.128,8.76248,-0.0316928,-0.999498
42.2,53.1245,8.64232,-0.0284543,-0.999595
42.3,53.1217,8.52209,-0.0251402,-0.999684
42.4,53.1195,8.4019,-0.0219819,-0.999758
42.5,53.1179,8.28176,-0.0189327,-0.999821
42.6,53.1168,8.1617,-0.0159401,-0.999873
42.7,53.1164,8.04182,-0.0130057,-0.999915
42.8,53.1164,7.92231,-0.01018,-0.999948
42.9,53.117,7.80322,-0.00743044,-0.999972
43,53.118,7.6847,-0.00496236,-0.999988
43.1,53.1195,7.5669,-0.00293875,-0.999996
43.2,53.1212,7.44988,-0.00127963,-0.999999
43.3,53.1233,7.33361,0.000115214,-1
43.4,53.1258,7.21819,0.00276289,-0.999996
43.5,53.1286,7.10376,0.00473065,-0.999989
43.6,53.1321,6.99023,0.00772685,-0.99997
43.7,53.1361,6.87757,0.0108355,-0.999941
43.8,53.1406,6.76571,0.0141391,-0.9999
43.9,53.1458,6.6546,0.017304,-0.99985
44,53.1516,6.5442,0.021217,-0.999775
44.1,53.1582,6.43445,0.0253773,-0.999678
44.2,53.1655,6.32531,0.0293378,-0.99957
44.3,53.1735,6.21671,0.0329938,-0.999456
44.4,53.1819,6.10862,0.0359837,-0.999352
44.5,53.1908,6.00097,0.0383611,-0.999264
44.6,53.2,5.89374,0.0400013,-0.9992
44.7,53.2093,5.78687,0.0409785,-0.99916
44.8,53.2187,5.68031,0.041428,-0.999141
44.9,53.2281,5.57402,0.0414962,-0.999139
45,53.2375,5.46796,0.0413192,-0.999146
45.1,53.2469,5.36214,0.0411695,-0.999152
45.2,53.2562,5.25649,0.0409759,-0.99916
45.3,53.2655,5.15091,0.0407287,-0.99917
45.4,53.2747,5.04529,0.0404201,-0.999183
45.5,53.2842,4.93962,0.0417507,-0.999128
45.6,53.2943,4.8338,0.0451149,-0.998982
45.7,53.3056,4.72795,0.0519871,-0.998648
45.8,53.3189,4.62233,0.063209,-0.998
45.9,53.3333,4.5175,0.0700214,-0.997545
46,53.3496,4.41372,0.08079,-0.996731
46.1,53.3673,4.31088,0.0897468,-0.995965
46.2,53.3866,4.20901,0.0985958,-0.995128
46.3,53.4072,4.10812,0.106686,-0.994293
46.4,53.429,4.00824,0.114439,-0.99343
46.5,53.452,3.90944,0.122008,-0.992529
46.6,53.476,3.81169,0.128795,-0.991671
46.7,53.5008,3.71497,0.133511,-0.991047
46.8,53.5265,3.61944,0.140138,-0.990132
46.9,53.5529,3.52491,0.14442,-0.989516
47,53.5797,3.43147,0.14816,-0.988963
47.1,53.6067,3.33902,0.149879,-0.988704
47.2,53.6337,3.24752,0.150334,-0.988635
47.3,53.6602,3.15679,0.148675,-0.988886
47.4,53.6861,3.06694,0.145122,-0.989414
47.5,53.7112,2.97795,0.140946,-0.990017
47.6,53.7354,2.88976,0.135895,-0.990723
47.7,53.7585,2.80234,0.130154,-0.991494
47.8,53.7805,2.71564,0.12349,-0.992346
47.9,53.8013,2.62958,0.116044,-0.993244
48,53.8207,2.54406,0.10783,-0.994169
48.1,53.8386,2.45892,0.0989279,-0.995095
48.2,53.8547,2.37508,0.0870772,-0.996202
48.3,53.8687,2.29131,0.0745672,-0.997216
48.4,53.8808,2.20722,0.0615008,-0.998107
48.5,53.8911,2.12234,0.0493223,-0.998783
48.6,53.8997,2.0363,0.0384371,-0.999261
48.7,53.9069,1.94879,0.0292663,-0.999572
48.8,53.9131,1.85966,0.0223222,-0.999751
48.9,53.9191,1.76889,0.0207476,-0.999785
49,53.925,1.67669,0.020388,-0.999792
49.1,53.931,1.58329,0.0204484,-0.999791
49.2,53.937,1.48888,0.0200769,-0.999798
49.3,53.9425,1.39423,0.0173512,-0.999849
49.4,53.9473,1.29909,0.0133716,-0.999911
49.5,53.9515,1.20319,0.00888277,-0.999961
49.6,53.955,1.10629,0.00472977,-0.999989
49.7,53.9579,1.00825,0.00166599,-0.999999
49.8,53.9611,0.909345,0.00277495,-0.999996
49.9,53.964,0.809695,0.00122578,-0.999999
50,53.9673,0.709978,0.00366383,-0.999993
50.1,53.9711,0.610589,0.00679941,-0.999977
50.2,53.9753,0.511704,0.00861091,-0.999963
50.3,53.9795,0.414317,0.00911658,-0.999958
50.4,53.9833,0.317759,0.00635225,-0.99998
50.5,53.9863,0.221803,0.00163091,-0.999999
50.6,53.9883,0.126109,-0.00443127,-0.99999
50.7,53.9891,0.0303636,-0.0119543,-0.999929
50.8,53.9886,-0.065762,-0.0192047,-0.999816
50.9,53.9869,-0.162514,-0.0267887,-0.999641
51,53.984,-0.260178,-0.0334344,-0.999441
51.1,53.98,-0.358904,-0.0401041,-0.999195
51.2,53.9748,-0.458961,-0.0463061,-0.998927
51.3,53.9687,-0.56054,-0.0515036,-0.998673
51.4,53.9615,-0.663453,-0.0577757,-0.99833
51.5,53.9532,-0.768127,-0.0630068,-0.998013
51.6,53.9441,-0.87497,-0.0666412,-0.997777
51.7,53.9345,-0.984282,-0.0685556,-0.997647
51.8,53.9247,-1.09622,-0.0688477,-0.997627
51.9,53.9149,-1.21079,-0.0677456,-0.997703
52,53.9054,-1.32773,-0.0652593,-0.997868
52.1,53.8964,-1.44667,-0.0619175,-0.998081
52.2,53.8887,-1.56703,-0.0543888,-0.99852
52.3,53.8814,-1.68851,-0.0521846,-0.998637
52.4,53.8753,-1.81045,-0.045831,-0.998949
52.5,53.8701,-1.93264,-0.0411142,-0.999155
52.6,53.8656,-2.05494,-0.0376607,-0.999291
52.7,53.8615,-2.17725,-0.0354887,-0.99937
52.8,53.8576,-2.29954,-0.0340974,-0.999418
52.9,53.8539,-2.42185,-0.0335608,-0.999437
53,53.8501,-2.54422,-0.033488,-0.999439
53.1,53.8463,-2.66676,-0.033978,-0.999422
53.2,53.8423,-2.78958,-0.0344742,-0.999406
53.3,53.8382,-2.91284,-0.0354149,-0.999373
53.4,53.8337,-3.03639,-0.037139,-0.99931
53.5,53.8289,-3.16035,-0.038861,-0.999245
53.6,53.8238,-3.28497,-0.0401789,-0.999193
53.7,53.8185,-3.4105,-0.040869,-0.999164
53.8,53.8132,-3.5371,-0.0407854,-0.999168
53.9,53.808,-3.66489,-0.0398261,-0.999207
54,53.8031,-3.7938,-0.0379974,-0.999278
54.1,53.7989,-3.92341,-0.034885,-0.999391
54.2,53.7953,-4.05327,-0.0312333,-0.999512
54.3,53.7925,-4.18293,-0.0278434,-0.999612
54.4,53.7902,-4.31212,-0.0251085,-0.999685
54.5,53.7883,-4.44073,-0.0232484,-0.99973
54.6,53.7866,-4.56872,-0.0223574,-0.99975
54.7,53.7849,-4.69607,-0.0224424,-0.999748
54.8,53.783,-4.82285,-0.0234291,-0.999726
54.9,53.7808,-4.94913,-0.0251986,-0.999682
55,53.7781,-5.07505,-0.0275647,-0.99962
55.1,53.7749,-5.20079,-0.0303315,-0.99954
55.2,53.7711,-5.32655,-0.0333299,-0.999444
55.3,53.7667,-5.45258,-0.0363794,-0.999338
55.4,53.7616,-5.57887,-0.0399833,-0.9992
55.5,53.7557,-5.70568,-0.0433746,-0.999059
55.6,53.7493,-5.83333,-0.0461324,-0.998935
55.7,53.7425,-5.96216,-0.048035,-0.998846
55.8,53.7354,-6.09243,-0.0489277,-0.998802
55.9,53.7283,-6.22437,-0.0487595,-0.998811
56,53.7213,-6.35807,-0.0475512,-0.998869
56.1,53.7147,-6.49356,-0.0454705,-0.998966
56.2,53.7085,-6.63073,-0.0427777,-0.999085
56.3,53.7029,-6.76943,-0.0399031,-0.999204
56.4,53.6979,-6.90946,-0.0369615,-0.999317
56.5,53.6934,-7.05062,-0.0341322,-0.999417
56.6,53.6894,-7.19272,-0.0315587,-0.999502
56.7,53.6859,-7.33557,-0.0293239,-0.99957
56.8,53.6828,-7.479,-0.0274628,-0.999623
56.9,53.6799,-7.62289,-0.0259749,-0.999663
57,53.6773,-7.7671,-0.0248335,-0.999692
57.1,53.6749,-7.91155,-0.0240001,-0.999712
57.2,53.6726,-8.05615,-0.0234245,-0.999726
57.3,53.6704,-8.20084,-0.023056,-0.999734
57.4,53.6682,-8.34556,-0.0228677,-0.999739
57.5,53.6661,-8.49026,-0.0227927,-0.99974
57.6,53.6639,-8.63491,-0.0228133,-0.99974
57.7,53.6618,-8.77947,-0.0229035,-0.999738
57.8,53.6596,-8.92393,-0.0230446,-0.999734
57.9,53.6573,-9.06827,-0.0232241,-0.99973
58,53.6551,-9.21248,-0.0234311,-0.999725
58.1,53.6528,-9.35655,-0.0236568,-0.99972
58.2,53.6504,-9.50049,-0.0238942,-0.999714
58.3,53.648,-9.64429,-0.024138,-0.999709
58.4,53.6456,-9.78795,-0.024384,-0.999703
58.5,53.6431,-9.93147,-0.0246287,-0.999697
58.6,53.6405,-10.0749,-0.0248697,-0.999691
58.7,53.6379,-10.2181,-0.0251051,-0.999685
58.8,53.6353,-10.3612,-0.0253338,-0.999679
58.9,53.6326,-10.5042,-0.0255549,-0.999673
59,53.6299,-10.6471,-0.0257679,-0.999668
59.1,53.6272,-10.7899,-0.0259728,-0.999663
59.2,53.6244,-10.9325,-0.0261696,-0.999658
59.3,53.6216,-11.075,-0.0263586,-0.999653
59.4,53.6187,-11.2174,-0.02654,-0.999648
59.5,53.6158,-11.3597,-0.0267142,-0.999643
59.6,53.6129,-11.5019,-0.0268815,-0.999639
59.7,53.61,-11.644,-0.0270422,-0.999634
59.8,53.607,-11.786,-0.0271964,-0.99963
59.9,53.604,-11.9279,-0.0273446,-0.999626
60,53.601,-12.0697,-0.027487,-0.999622
60.1,53.5979,-12.2115,-0.0276239,-0.999618
60.2,53.5949,-12.3531,-0.0277556,-0.999615
60.3,53.5918,-12.4947,-0.0278825,-0.999611
60.4,53.5887,-12.6361,-0.0280046,-0.999608
60.5,53.5855,-12.7775,-0.0281223,-0.999605
60.6,53.5824,-12.9188,-0.028236,-0.999601
60.7,53.5792,-13.0601,-0.0283457,-0.999598
60.8,53.576,-13.2012,-0.0284519,-0.999595
60.9,53.5728,-13.3423,-0.0285547,-0.999592
61,53.5696,-13.4833,-0.0286541,-0.999589
61.1,53.5663,-13.6243,-0.0287505,-0.999587
61.2,53.5631,-13.7652,-0.0288439,-0.999584
61.3,53.5598,-13.906,-0.0289344,-0.999581
61.4,53.5565,-14.0468,-0.0290224,-0.999579
61.5,53.5532,-14.1875,-0.0291077,-0.999576
61.6,53.5499,-14.3281,-0.0291906,-0.999574
61.7,53.5465,-14.4687,-0.0292712,-0.999572
61.8,53.5432,-14.6092,-0.0293496,-0.999569
61.9,53.5398,-14.7497,-0.0294258,-0.999567
62,53.5365,-14.8901,-0.0295,-0.999565
62.1,53.5331,-15.0305,-0.0295721,-0.999563
62.2,53.5297,-15.1708,-0.0296423,-0.999561
62.3,53.5263,-15.3111,-0.0297106,-0.999559
62.4,53.5229,-15.4513,-0.029777,-0.999557
62.5,53.5194,-15.5915,-0.0298418,-0.999555
62.6,53.516,-15.7316,-0.0299049,-0.999553
62.7,53.5125,-15.8717,-0.0299663,-0.999551
62.8,53.5091,-16.0117,-0.0300262,-0.999549
62.9,53.5056,-16.1517,-0.0300845,-0.999547
63,53.5022,-16.2917,-0.0301413,-0.999546
63.1,53.4987,-16.4316,-0.0301966,-0.999544
63.2,53.4952,-16.5715,-0.0302504,-0.999542
63.3,53.4917,-16.7113,-0.0303028,-0.999541
63.4,53.4882,-16.8512,-0.0303539,-0.999539
63.5,53.4847,-16.9909,-0.0304037,-0.999538
63.6,53.4811,-17.1307,-0.0304522,-0.999536
63.7,53.4776,-17.2704,-0.0304994,-0.999535
63.8,53.4741,-17.4101,-0.0305454,-0.999533
63.9,53.4705,-17.5497,-0.0305901,-0.999532
64,53.467,-17.6893,-0.0306338,-0.999531
64.1,53.4634,-17.8289,-0.0306763,-0.999529
64.2,53.4599,-17.9684,-0.0307176,-0.999528
64.3,53.4563,-18.108,-0.0307579,-0.999527
64.4,53.4527,-18.2475,-0.0307971,-0.999526
64.5,53.4492,-18.3869,-0.0308353,-0.999525
64.6,53.4456,-18.5264,-0.0308724,-0.999523
64.7,53.442,-18.6658,-0.0309085,-0.999522
64.8,53.4384,-18.8052,-0.0309437,-0.999521
64.9,53.4348,-18.9446,-0.0309779,-0.99952
65,53.4312,-19.0839,-0.0310113,-0.999519
65.1,53.4276,-19.2232,-0.0310437,-0.999518
65.2,53.424,-19.3625,-0.0310753,-0.999517
65.3,53.4204,-19.5018,-0.0311061,-0.999516
65.4,53.4168,-19.6411,-0.0311361,-0.999515
65.5,53.4131,-19.7803,-0.0311654,-0.999514
65.6,53.4095,-19.9195,-0.0311939,-0.999513
65.7,53.4059,-20.0587,-0.0312216,-0.999512
65.8,53.4023,-20.1979,-0.0312485,-0.999512
65.9,53.3986,-20.3371,-0.0312746,-0.999511
66,53.395,-20.4762,-0.0312999,-0.99951
66.1,53.3913,-20.6153,-0.0313246,-0.999509
66.2,53.3877,-20.7545,-0.0313483,-0.999509
66.3,53.3841,-20.8935,-0.031371,-0.999508
66.4,53.3804,-21.0326,-0.0313927,-0.999507
66.5,53.3768,-21.1717,-0.0314134,-0.999506
66.6,53.3731,-21.3107,-0.0314333,-0.999506
66.7,53.3695,-21.4498,-0.0314523,-0.999505
66.8,53.3658,-21.5888,-0.0314706,-0.999505
66.9,53.3622,-21.7278,-0.0314881,-0.999504
67,53.3585,-21.8668,-0.0315051,-0.999504
67.1,53.3548,-22.0057,-0.0315214,-0.999503
67.2,53.3512,-22.1447,-0.0315372,-0.999503
67.3,53.3475,-22.2836,-0.0315526,-0.999502
67.4,53.3439,-22.4226,-0.0315674,-0.999502
67.5,53.3402,-22.5615,-0.0315819,-0.999501
67.6,53.3365,-22.7004,-0.031596,-0.999501
67.7,53.3329,-22.8393,-0.0316098,-0.9995
67.8,53.3292,-22.9781,-0.0316233,-0.9995
67.9,53.3256,-23.117,-0.0316366,-0.999499
68,53.3219,-23.2559,-0.0316497,-0.999499
68.1,53.3182,-23.3947,-0.0316627,-0.999499
68.2,53.3146,-23.5335,-0.0316757,-0.999498
68.3,53.3109,-23.6723,-0.0316887,-0.999498
68.4,53.3072,-23.8111,-0.0317017,-0.999497
68.5,53.3036,-23.9499,-0.0317147,-0.999497
68.6,53.2999,-24.0887,-0.0317277,-0.999497
68.7,53.2962,-24.2275,-0.0317409,-0.999496
68.8,53.2926,-24.3662,-0.0317544,-0.999496
68.9,53.2889,-24.5049,-0.031768,-0.999495
69,53.2852,-24.6437,-0.031782,-0.999495
69.1,53.2816,-24.7824,-0.0317978,-0.999494
69.2,53.2779,-24.9211,-0.0318166,-0.999494
69.3,53.2742,-25.0598,-0.0318386,-0.999493
69.4,53.2706,-25.1984,-0.0318637,-0.999492
69.5,53.2669,-25.3371,-0.0318914,-0.999491
69.6,53.2632,-25.4758,-0.0319213,-0.99949
69.7,53.2595,-25.6144,-0.031953,-0.999489
69.8,53.2558,-25.753,-0.0319862,-0.999488
69.9,53.2521,-25.8917,-0.0320208,-0.999487
70,53.2484,-26.0303,-0.0320564,-0.999486
70.1,53.2447,-26.1689,-0.0320931,-0.999485
70.2,53.241,-26.3075,-0.0321309,-0.999484
70.3,53.2373,-26.446,-0.0321698,-0.999482
70.4,53.2336,-26.5846,-0.0322099,-0.999481
70.5,53.2299,-26.7231,-0.0322512,-0.99948
70.6,53.2261,-26.8617,-0.0322939,-0.999478
70.7,53.2224,-27.0002,-0.0323382,-0.999477
70.8,53.2186,-27.1387,-0.0323843,-0.999475
70.9,53.2149,-27.2772,-0.0324323,-0.999474
71,53.2111,-27.4157,-0.0324821,-0.999472
71.1,53.2073,-27.5542,-0.032534,-0.999471
71.2,53.2035,-27.6927,-0.0325882,-0.999469
71.3,53.1998,-27.8311,-0.032645,-0.999467
71.4,53.196,-27.9695,-0.0327041,-0.999465
71.5,53.1921,-28.1079,-0.0327657,-0.999463
71.6,53.1883,-28.2463,-0.0328298,-0.999461
71.7,53.1845,-28.3847,-0.0328964,-0.999459
71.8,53.1806,-28.5231,-0.0329653,-0.999456
71.9,53.1768,-28.6615,-0.0330367,-0.999454
72,53.1729,-28.7998,-0.0331107,-0.999452
72.1,53.169,-28.9381,-0.033187,-0.999449
72.2,53.1651,-29.0764,-0.0332645,-0.999447
72.3,53.1612,-29.2147,-0.0333415,-0.999444
72.4,53.1573,-29.353,-0.0334187,-0.999442
72.5,53.1533,-29.4913,-0.0336247,-0.999434
72.6,53.1493,-29.6295,-0.0337719,-0.99943
72.7,53.1453,-29.7677,-0.0340078,-0.999422
72.8,53.1412,-29.906,-0.0341629,-0.999416
72.9,53.1371,-30.0442,-0.0343929,-0.999408
73,53.1329,-30.1824,-0.0346599,-0.999399
73.1,53.1287,-30.3205,-0.0349404,-0.999389
73.2,53.1244,-30.4587,-0.0352208,-0.99938
73.3,53.1201,-30.5968,-0.0354936,-0.99937
73.4,53.1157,-30.735,-0.0357546,-0.999361
73.5,53.1113,-30.8731,-0.0360026,-0.999352
73.6,53.1068,-31.0112,-0.0362373,-0.999343
73.7,53.1023,-31.1493,-0.0364592,-0.999335
73.8,53.0977,-31.2874,-0.0366697,-0.999327
73.9,53.0931,-31.4254,-0.0368698,-0.99932
74,53.0884,-31.5635,-0.0370607,-0.999313
74.1,53.0838,-31.7015,-0.0372437,-0.999306
74.2,53.079,-31.8395,-0.0374197,-0.9993
74.3,53.0743,-31.9775,-0.0375898,-0.999293
74.4,53.0695,-32.1155,-0.0377546,-0.999287
74.5,53.0647,-32.2534,-0.0379149,-0.999281
74.6,53.0598,-32.3914,-0.0380712,-0.999275
74.7,53.055,-32.5293,-0.0382241,-0.999269
74.8,53.05,-32.6672,-0.038374,-0.999263
74.9,53.0451,-32.8052,-0.0385215,-0.999258
75,53.0401,-32.943,-0.0386666,-0.999252
75.1,53.0352,-33.0809,-0.0388096,-0.999247
75.2,53.0301,-33.2188,-0.0389506,-0.999241
75.3,53.0251,-33.3566,-0.0390899,-0.999236
75.4,53.02,-33.4945,-0.0392275,-0.99923
75.5,53.0149,-33.6323,-0.0393636,-0.999225
75.6,53.0098,-33.7701,-0.0394981,-0.99922
75.7,53.0046,-33.9079,-0.0396312,-0.999214
75.8,52.9995,-34.0457,-0.0397628,-0.999209
75.9,52.9942,-34.1835,-0.0398929,-0.999204
76,52.989,-34.3213,-0.0400216,-0.999199
76.1,52.9838,-34.459,-0.0401487,-0.999194
76.2,52.9785,-34.5968,-0.0402742,-0.999189
76.3,52.9732,-34.7346,-0.040398,-0.999184
76.4,52.9678,-34.8723,-0.0405203,-0.999179
76.5,52.9625,-35.01,-0.0406411,-0.999174
76.6,52.9571,-35.1478,-0.0407603,-0.999169
76.7,52.9517,-35.2855,-0.0408781,-0.999164
76.8,52.9463,-35.4232,-0.0409945,-0.999159
76.9,52.9408,-35.5609,-0.0411095,-0.999155
77,52.9354,-35.6986,-0.041223,-0.99915
77.1,52.9299,-35.8363,-0.0413351,-0.999145
77.2,52.9244,-35.974,-0.0414457,-0.999141
77.3,52.9188,-36.1117,-0.0415551,-0.999136
77.4,52.9133,-36.2494,-0.0416629,-0.999132
77.5,52.9077,-36.3871,-0.0417693,-0.999127
77.6,52.9021,-36.5248,-0.0418742,-0.999123
77.7,52.8964,-36.6625,-0.0419773,-0.999119
77.8,52.8908,-36.8002,-0.0420787,-0.999114
77.9,52.8851,-36.9379,-0.0421982,-0.999109
78,52.8794,-37.0756,-0.0423042,-0.999105
78.1,52.8737,-37.2133,-0.0424224,-0.9991
78.2,52.868,-37.351,-0.0425445,-0.999095
78.3,52.8622,-37.4887,-0.0426661,-0.999089
78.4,52.8564,-37.6264,-0.0427852,-0.999084
78.5,52.8506,-37.7641,-0.0429007,-0.999079
78.6,52.8448,-37.9018,-0.0430124,-0.999075
78.7,52.8389,-38.0395,-0.0431202,-0.99907
78.8,52.833,-38.1772,-0.0432245,-0.999065
78.9,52.8271,-38.3149,-0.0433257,-0.999061
79,52.8212,-38.4526,-0.0434239,-0.999057
79.1,52.8153,-38.5903,-0.0435193,-0.999053
79.2,52.8093,-38.728,-0.0436124,-0.999048
79.3,52.8033,-38.8657,-0.0437031,-0.999045
79.4,52.7973,-39.0034,-0.0437916,-0.999041
79.5,52.7913,-39.1411,-0.043878,-0.999037
79.6,52.7853,-39.2788,-0.0439623,-0.999033
79.7,52.7793,-39.4165,-0.0440449,-0.99903
79.8,52.7732,-39.5542,-0.0441257,-0.999026
79.9,52.7671,-39.692,-0.0442048,-0.999022
80,52.761,-39.8297,-0.0442733,-0.99902
80.1,52.7549,-39.9674,-0.0443466,-0.999016
80.2,52.7488,-40.1052,-0.0444123,-0.999013
80.3,52.7426,-40.2429,-0.0444745,-0.999011
80.4,52.7365,-40.3806,-0.0445353,-0.999008
80.5,52.7303,-40.5183,-0.0445955,-0.999005
80.6,52.7241,-40.656,-0.0446555,-0.999002
80.7,52.7179,-40.7937,-0.0447153,-0.999
80.8,52.7117,-40.9315,-0.0447747,-0.998997
80.9,52.7055,-41.0692,-0.0448333,-0.998995
81,52.6993,-41.2069,-0.0448913,-0.998992
81.1,52.6931,-41.3446,-0.0449484,-0.998989
81.2,52.6868,-41.4823,-0.0450045,-0.998987
81.3,52.6806,-41.6201,-0.0450596,-0.998984
81.4,52.6743,-41.7578,-0.0451134,-0.998982
81.5,52.668,-41.8955,-0.0451657,-0.99898
81.6,52.6617,-42.0333,-0.0452166,-0.998977
81.7,52.6554,-42.171,-0.0452664,-0.998975
81.8,52.6491,-42.3088,-0.0453148,-0.998973
81.9,52.6428,-42.4466,-0.0453618,-0.998971
82,52.6364,-42.5844,-0.0454076,-0.998969
82.1,52.6301,-42.7222,-0.0454518,-0.998967
82.2,52.6237,-42.86,-0.0454949,-0.998965
82.3,52.6173,-42.9978,-0.0455366,-0.998963
82.4,52.611,-43.1356,-0.0455769,-0.998961
82.5,52.6046,-43.2735,-0.0456159,-0.998959
82.6,52.5982,-43.4113,-0.0456534,-0.998957
82.7,52.5918,-43.5492,-0.0456896,-0.998956
82.8,52.5854,-43.6871,-0.0457244,-0.998954
82.9,52.5789,-43.825,-0.0457578,-0.998953
83,52.5725,-43.9629,-0.0457897,-0.998951
83.1,52.5661,-44.1008,-0.0458202,-0.99895
83.2,52.5596,-44.2387,-0.0458492,-0.998948
83.3,52.5532,-44.3767,-0.0458768,-0.998947
83.4,52.5467,-44.5146,-0.0459031,-0.998946
83.5,52.5403,-44.6526,-0.0459279,-0.998945
83.6,52.5338,-44.7906,-0.0459512,-0.998944
83.7,52.5273,-44.9286,-0.0459732,-0.998943
83.8,52.5209,-45.0666,-0.0459936,-0.998942
83.9,52.5144,-45.2046,-0.0460126,-0.998941
84,52.5087,-45.3426,-0.0421509,-0.999111
84.1,52.5036,-45.4804,-0.0394373,-0.999222
84.2,52.498,-45.6183,-0.0416671,-0.999132
84.3,52.493,-45.7561,-0.0391413,-0.999234
84.4,52.4883,-45.8939,-0.0373923,-0.999301
84.5,52.4839,-46.0316,-0.0362014,-0.999344
84.6,52.4796,-46.1693,-0.0354128,-0.999373
84.7,52.4755,-46.307,-0.0349145,-0.99939
84.8,52.4714,-46.4447,-0.034626,-0.9994
84.9,52.4674,-46.5824,-0.0344892,-0.999405
85,52.4633,-46.7201,-0.0344617,-0.999406
85.1,52.4593,-46.8577,-0.0345132,-0.999404
85.2,52.4552,-46.9954,-0.0346207,-0.999401
85.3,52.4511,-47.1331,-0.0347678,-0.999395
85.4,52.4469,-47.2708,-0.0349425,-0.999389
85.5,52.4428,-47.4085,-0.0351356,-0.999383
85.6,52.4386,-47.5462,-0.0353404,-0.999375
85.7,52.4343,-47.6839,-0.0355521,-0.999368
85.8,52.43,-47.8216,-0.0357671,-0.99936
85.9,52.4257,-47.9593,-0.0359825,-0.999352
86,52.4213,-48.097,-0.0362036,-0.999344
86.1,52.4163,-48.2346,-0.0392901,-0.999228
86.2,52.4114,-48.3722,-0.0386648,-0.999252
86.3,52.406,-48.5097,-0.041162,-0.999153
86.4,52.4002,-48.6471,-0.0430133,-0.999075
86.5,52.3941,-48.7845,-0.044385,-0.999014
86.6,52.3879,-48.9217,-0.0453989,-0.998969
86.7,52.3815,-49.0589,-0.0461455,-0.998935
86.8,52.3749,-49.196,-0.0466913,-0.998909
86.9,52.3683,-49.3331,-0.0470861,-0.998891
87,52.3616,-49.4702,-0.0473673,-0.998878
87.1,52.3549,-49.6072,-0.0475629,-0.998868
87.2,52.3482,-49.7443,-0.0476939,-0.998862
87.3,52.3414,-49.8813,-0.0477764,-0.998858
87.4,52.3347,-50.0183,-0.0478222,-0.998856
87.5,52.3279,-50.1552,-0.0478408,-0.998855
87.6,52.3211,-50.2922,-0.0478389,-0.998855
87.7,52.3144,-50.4291,-0.047822,-0.998856
87.8,52.3076,-50.5661,-0.0477939,-0.998857
87.9,52.3008,-50.703,-0.0477579,-0.998859
88,52.2941,-50.84,-0.0477164,-0.998861
88.1,52.2874,-50.9769,-0.0476713,-0.998863
88.2,52.2806,-51.1138,-0.0476238,-0.998865
88.3,52.2739,-51.2507,-0.0475752,-0.998868
88.4,52.2672,-51.3876,-0.0475262,-0.99887
88.5,52.2605,-51.5245,-0.0474775,-0.998872
88.6,52.2538,-51.6614,-0.0474295,-0.998875
88.7,52.2472,-51.7983,-0.0473826,-0.998877
88.8,52.2405,-51.9351,-0.047337,-0.998879
88.9,52.2338,-52.072,-0.0472926,-0.998881
89,52.2272,-52.2089,-0.04725,-0.998883
89.1,52.2205,-52.3457,-0.0472091,-0.998885
89.2,52.2139,-52.4826,-0.0471699,-0.998887
89.3,52.2073,-52.6194,-0.0471326,-0.998889
89.4,52.2006,-52.7563,-0.0470973,-0.99889
89.5,52.194,-52.8931,-0.0470639,-0.998892
89.6,52.1874,-53.0299,-0.0470324,-0.998893
89.7,52.1808,-53.1667,-0.0470028,-0.998895
89.8,52.1742,-53.3035,-0.046975,-0.998896
89.9,52.1676,-53.4403,-0.0469491,-0.998897
90,52.161,-53.5771,-0.0469248,-0.998898
90.1,52.1544,-53.7139,-0.0469026,-0.998899
90.2,52.1479,-53.8507,-0.0468822,-0.9989
90.3,52.1413,-53.9874,-0.0468635,-0.998901
90.4,52.1347,-54.1242,-0.0468464,-0.998902
90.5,52.1281,-54.2609,-0.0468311,-0.998903
90.6,52.1216,-54.3977,-0.0468174,-0.998903
90.7,52.115,-54.5344,-0.0468055,-0.998904
90.8,52.1084,-54.6711,-0.0467953,-0.998904
90.9,52.1019,-54.8078,-0.0467867,-0.998905
91,52.0953,-54.9445,-0.0467798,-0.998905
91.1,52.0888,-55.0812,-0.0467747,-0.998905
91.2,52.0822,-55.2178,-0.0467715,-0.998906
91.3,52.0756,-55.3545,-0.0467704,-0.998906
91.4,52.0691,-55.4912,-0.0467716,-0.998906
91.5,52.0625,-55.6278,-0.0467754,-0.998905
91.6,52.0559,-55.7644,-0.0467817,-0.998905
91.7,52.0494,-55.901,-0.0467904,-0.998905
91.8,52.0428,-56.0376,-0.0468014,-0.998904
91.9,52.0362,-56.1742,-0.0468148,-0.998904
92,52.0297,-56.3108,-0.0468303,-0.998903
92.1,52.0231,-56.4474,-0.046848,-0.998902
92.2,52.0165,-56.5839,-0.0468677,-0.998901
92.3,52.0099,-56.7205,-0.0468892,-0.9989
92.4,52.0033,-56.857,-0.0469125,-0.998899
92.5,51.9968,-56.9935,-0.0467589,-0.998906
92.6,51.9902,-57.13,-0.046656,-0.998911
92.7,51.9837,-57.2665,-0.0465902,-0.998914
92.8,51.9772,-57.403,-0.046552,-0.998916
92.9,51.9707,-57.5395,-0.0465343,-0.998917
93,51.9641,-57.6759,-0.046532,-0.998917
93.1,51.9576,-57.8123,-0.0465412,-0.998916
93.2,51.9511,-57.9488,-0.0465593,-0.998916
93.3,51.9446,-58.0852,-0.0465843,-0.998914
93.4,51.9381,-58.2216,-0.0466143,-0.998913
93.5,51.9315,-58.3579,-0.0466486,-0.998911
93.6,51.925,-58.4943,-0.0466861,-0.99891
93.7,51.9184,-58.6307,-0.0467261,-0.998908
93.8,51.9118,-58.767,-0.0467684,-0.998906
93.9,51.9053,-58.9033,-0.0468122,-0.998904
94,51.8987,-59.0397,-0.0468574,-0.998902
94.1,51.8921,-59.176,-0.0469036,-0.998899
94.2,51.8855,-59.3122,-0.0469509,-0.998897
94.3,51.8789,-59.4485,-0.0469989,-0.998895
94.4,51.8723,-59.5848,-0.0470475,-0.998893
94.5,51.8656,-59.721,-0.0470967,-0.99889
94.6,51.859,-59.8573,-0.0471465,-0.998888
94.7,51.8523,-59.9935,-0.0471967,-0.998886
94.8,51.8457,-60.1297,-0.0472474,-0.998883
94.9,51.839,-60.2659,-0.0472985,-0.998881
95,51.8323,-60.402,-0.0473501,-0.998878
95.1,51.8256,-60.5382,-0.0474022,-0.998876
95.2,51.8189,-60.6743,-0.0474545,-0.998873
95.3,51.8122,-60.8105,-0.0475071,-0.998871
95.4,51.8054,-60.9466,-0.0475599,-0.998868
95.5,51.7987,-61.0827,-0.0476128,-0.998866
95.6,51.7919,-61.2188,-0.0476657,-0.998863
95.7,51.7852,-61.3548,-0.0477185,-0.998861
95.8,51.7784,-61.4909,-0.0477712,-0.998858
95.9,51.7716,-61.6269,-0.047824,-0.998856
96,51.7648,-61.7629,-0.0478765,-0.998853
96.1,51.758,-61.8989,-0.047929,-0.998851
96.2,51.7512,-62.0349,-0.0479812,-0.998848
96.3,51.7443,-62.1709,-0.0480333,-0.998846
96.4,51.7375,-62.3068,-0.0480852,-0.998843
96.5,51.7306,-62.4428,-0.0481369,-0.998841
96.6,51.7237,-62.5787,-0.0481881,-0.998838
96.7,51.7169,-62.7146,-0.048239,-0.998836
96.8,51.71,-62.8505,-0.0482895,-0.998833
96.9,51.7031,-62.9863,-0.0483393,-0.998831
97,51.6961,-63.1222,-0.0483887,-0.998829
97.1,51.6892,-63.258,-0.0484373,-0.998826
97.2,51.6823,-63.3938,-0.0484852,-0.998824
97.3,51.6753,-63.5296,-0.048548,-0.998821
97.4,51.6684,-63.6654,-0.048608,-0.998818
97.5,51.6614,-63.8012,-0.0486794,-0.998814
97.6,51.6544,-63.937,-0.048761,-0.99881
97.7,51.6474,-64.0727,-0.0488485,-0.998806
97.8,51.6403,-64.2085,-0.0489377,-0.998802
97.9,51.6333,-64.3442,-0.049025,-0.998798
98,51.6262,-64.48,-0.0491079,-0.998793
98.1,51.6191,-64.6157,-0.0491849,-0.99879
98.2,51.612,-64.7515,-0.049255,-0.998786
98.3,51.6048,-64.8872,-0.049318,-0.998783
98.4,51.5977,-65.0229,-0.0493738,-0.99878
98.5,51.5905,-65.1586,-0.0494226,-0.998778
98.6,51.5834,-65.2944,-0.0494649,-0.998776
98.7,51.5762,-65.4301,-0.0495011,-0.998774
98.8,51.569,-65.5658,-0.0495316,-0.998773
98.9,51.5618,-65.7015,-0.0495567,-0.998771
99,51.5546,-65.8372,-0.049577,-0.99877
99.1,51.5474,-65.9728,-0.0495926,-0.99877
99.2,51.5402,-66.1085,-0.0496041,-0.998769
99.3,51.533,-66.2442,-0.0496117,-0.998769
99.4,51.5258,-66.3798,-0.0496156,-0.998768
99.5,51.5186,-66.5154,-0.049616,-0.998768
99.6,51.5114,-66.6511,-0.0496132,-0.998769
99.7,51.5041,-66.7867,-0.0496075,-0.998769
99.8,51.4969,-66.9223,-0.0495992,-0.998769
99.9,51.4897,-67.0578,-0.0495879,-0.99877
100,51.4825,-67.1934,-0.0495774,-0.99877
100.1,51.4753,-67.329,-0.0495676,-0.998771
100.2,51.468,-67.4645,-0.0495592,-0.998771
100.3,51.4608,-67.6,-0.0495549,-0.998771
100.4,51.4536,-67.7355,-0.0495518,-0.998772
100.5,51.4464,-67.871,-0.0495491,-0.998772
100.6,51.4392,-68.0065,-0.0495487,-0.998772
100.7,51.4319,-68.1419,-0.0495516,-0.998772
100.8,51.4247,-68.2773,-0.0495574,-0.998771
100.9,51.4175,-68.4127,-0.0495657,-0.998771
101,51.4102,-68.5481,-0.049576,-0.99877
101.1,51.403,-68.6834,-0.0495881,-0.99877
101.2,51.3957,-68.8187,-0.0496017,-0.998769
101.3,51.3885,-68.954,-0.0496162,-0.998768
101.4,51.3812,-69.0893,-0.0496316,-0.998768
101.5,51.3739,-69.2245,-0.0496474,-0.998767
101.6,51.3667,-69.3597,-0.0495423,-0.998772
101.7,51.3595,-69.4949,-0.049499,-0.998774
101.8,51.3522,-69.6301,-0.0494932,-0.998774
101.9,51.345,-69.7653,-0.0493858,-0.99878
102,51.3378,-69.9004,-0.0493539,-0.998781
102.1,51.3306,-70.0355,-0.0492413,-0.998787
102.2,51.3234,-70.1706,-0.0492183,-0.998788
102.3,51.3162,-70.3057,-0.0491202,-0.998793
102.4,51.309,-70.4408,-0.049116,-0.998793
102.5,51.3019,-70.5759,-0.049037,-0.998797
102.6,51.2947,-70.7109,-0.0490525,-0.998796
102.7,51.2876,-70.8459,-0.0489909,-0.998799
102.8,51.2804,-70.9809,-0.0488958,-0.998804
102.9,51.2733,-71.1158,-0.0489199,-0.998803
103,51.2661,-71.2508,-0.0488644,-0.998805
103.1,51.259,-71.3857,-0.0487709,-0.99881
103.2,51.2519,-71.5205,-0.0486639,-0.998815
103.3,51.2448,-71.6553,-0.0486855,-0.998814
103.4,51.2377,-71.7901,-0.0486398,-0.998816
103.5,51.2306,-71.9248,-0.0485641,-0.99882
103.6,51.2235,-72.0595,-0.0484796,-0.998824
103.7,51.2165,-72.1941,-0.0483977,-0.998828
103.8,51.2094,-72.3287,-0.0483239,-0.998832
103.9,51.2024,-72.4632,-0.0482603,-0.998835
104,51.1954,-72.5977,-0.0482071,-0.998837
104.1,51.1884,-72.7322,-0.048164,-0.998839
104.2,51.1814,-72.8666,-0.0480977,-0.998843
104.3,51.1744,-73.001,-0.0481581,-0.99884
104.4,51.1674,-73.1352,-0.0481444,-0.99884
104.5,51.1604,-73.2695,-0.048099,-0.998843
104.6,51.1533,-73.4037,-0.0481723,-0.998839
104.7,51.1463,-73.5378,-0.0481668,-0.998839
104.8,51.1393,-73.6718,-0.0481271,-0.998841
104.9,51.1323,-73.8058,-0.0482026,-0.998838
105,51.1253,-73.9397,-0.0481967,-0.998838
105.1,51.1182,-74.0735,-0.0482819,-0.998834
105.2,51.1112,-74.2073,-0.0482721,-0.998834
105.3,51.1041,-74.341,-0.0482211,-0.998837
105.4,51.0971,-74.4746,-0.0482815,-0.998834
105.5,51.09,-74.6081,-0.0482572,-0.998835
105.6,51.083,-74.7416,-0.0483223,-0.998832
105.7,51.0759,-74.8749,-0.0482906,-0.998833
105.8,51.0689,-75.0082,-0.0483438,-0.998831
105.9,51.0618,-75.1414,-0.0482973,-0.998833
106,51.0548,-75.2745,-0.0483349,-0.998831
106.1,51.0477,-75.4075,-0.0482715,-0.998834
106.2,51.0407,-75.5404,-0.0482925,-0.998833
106.3,51.0336,-75.6731,-0.0483404,-0.998831
106.4,51.0266,-75.8058,-0.0482559,-0.998835
106.5,51.0195,-75.9384,-0.0482447,-0.998836
106.6,51.0125,-76.0708,-0.0482557,-0.998835
106.7,51.0054,-76.2031,-0.048277,-0.998834
106.8,50.9984,-76.3353,-0.0482884,-0.998833
106.9,50.9913,-76.4673,-0.0482825,-0.998834
107,50.9843,-76.5992,-0.0482553,-0.998835
107.1,50.9773,-76.731,-0.0482083,-0.998837
107.2,50.9703,-76.8626,-0.0481417,-0.998841
107.3,50.9633,-76.9941,-0.0480555,-0.998845
107.4,50.9563,-77.1255,-0.0479513,-0.99885
107.5,50.9494,-77.2567,-0.0478316,-0.998855
107.6,50.9425,-77.3878,-0.0477001,-0.998862
107.7,50.9356,-77.5188,-0.0475572,-0.998868
107.8,50.9287,-77.6497,-0.047403,-0.998876
107.9,50.9219,-77.7804,-0.0472386,-0.998884
108,50.9151,-77.911,-0.0470648,-0.998892
108.1,50.9084,-78.0414,-0.0468725,-0.998901
108.2,50.9017,-78.1718,-0.0466616,-0.998911
108.3,50.895,-78.3019,-0.0464336,-0.998921
108.4,50.8884,-78.432,-0.0461904,-0.998933
108.5,50.8818,-78.5618,-0.0459354,-0.998944
108.6,50.8753,-78.6916,-0.0456741,-0.998956
108.7,50.8689,-78.8211,-0.0454077,-0.998969
108.8,50.8625,-78.9506,-0.0451393,-0.998981
108.9,50.8562,-79.0798,-0.044872,-0.998993
109,50.8499,-79.2089,-0.0446078,-0.999005
109.1,50.8437,-79.3379,-0.0443499,-0.999016
109.2,50.8375,-79.4667,-0.0441002,-0.999027
109.3,50.8314,-79.5954,-0.0438676,-0.999037
109.4,50.8253,-79.7239,-0.0436466,-0.999047
109.5,50.8193,-79.8523,-0.0434421,-0.999056
109.6,50.8133,-79.9805,-0.0432539,-0.999064
109.7,50.8073,-80.1086,-0.0430812,-0.999072
109.8,50.8014,-80.2366,-0.0429218,-0.999078
109.9,50.7955,-80.3645,-0.0427741,-0.999085
110,50.7896,-80.4923,-0.0426836,-0.999089
110.1,50.7838,-80.6199,-0.0426171,-0.999091
110.2,50.7779,-80.7475,-0.0426627,-0.999089
110.3,50.772,-80.875,-0.0427603,-0.999085
110.4,50.7661,-81.0024,-0.0428779,-0.99908
110.5,50.7602,-81.1297,-0.0429998,-0.999075
110.6,50.7542,-81.2569,-0.0431172,-0.99907
110.7,50.7482,-81.384,-0.0432256,-0.999065
110.8,50.7422,-81.511,-0.0433227,-0.999061
110.9,50.7362,-81.6379,-0.0434083,-0.999057
111,50.7302,-81.7647,-0.0434815,-0.999054
111.1,50.7241,-81.8914,-0.0435418,-0.999052
111.2,50.7181,-82.018,-0.0435911,-0.999049
111.3,50.712,-82.1444,-0.0436378,-0.999047
111.4,50.7059,-82.2708,-0.0436721,-0.999046
111.5,50.6998,-82.397,-0.0436956,-0.999045
111.6,50.6938,-82.5231,-0.0436973,-0.999045
111.7,50.6877,-82.649,-0.0436838,-0.999045
111.8,50.6812,-82.7747,-0.0457683,-0.998952
111.9,50.6745,-82.9001,-0.0471785,-0.998886
112,50.6675,-83.0254,-0.0481693,-0.998839
112.1,50.6604,-83.1504,-0.0488847,-0.998804
112.2,50.6533,-83.2752,-0.0494085,-0.998779
112.3,50.646,-83.3998,-0.0497901,-0.99876
112.4,50.6387,-83.5241,-0.050059,-0.998746
112.5,50.6314,-83.6483,-0.0502339,-0.998737
112.6,50.624,-83.7721,-0.0503257,-0.998733
112.7,50.6166,-83.8957,-0.0503421,-0.998732
112.8,50.6093,-84.019,-0.0502875,-0.998735
112.9,50.602,-84.142,-0.0501645,-0.998741
113,50.5947,-84.2647,-0.0499751,-0.99875
113.1,50.5875,-84.387,-0.0497213,-0.998763
113.2,50.5803,-84.5091,-0.0494054,-0.998779
113.3,50.5732,-84.6307,-0.0490293,-0.998797
113.4,50.5662,-84.7521,-0.0485375,-0.998821
113.5,50.5593,-84.8731,-0.0479853,-0.998848
113.6,50.5526,-84.9938,-0.0473892,-0.998877
113.7,50.5459,-85.1142,-0.04675,-0.998907
113.8,50.5395,-85.2341,-0.0460715,-0.998938
113.9,50.5331,-85.3537,-0.0453532,-0.998971
114,50.5269,-85.4729,-0.0445931,-0.999005
114.1,50.5209,-85.5916,-0.0437896,-0.999041
114.2,50.515,-85.7099,-0.042942,-0.999078
114.3,50.5093,-85.8279,-0.0420588,-0.999115
114.4,50.5038,-85.9454,-0.0411414,-0.999153
114.5,50.4984,-86.0624,-0.0401844,-0.999192
114.6,50.4933,-86.1791,-0.039397,-0.999224
114.7,50.4883,-86.2952,-0.0385255,-0.999258
114.8,50.4835,-86.411,-0.0374635,-0.999298
114.9,50.4789,-86.5263,-0.0365052,-0.999333
115,50.4745,-86.6411,-0.0354252,-0.999372
115.1,50.4703,-86.7555,-0.0343871,-0.999409
115.2,50.4664,-86.8694,-0.033183,-0.999449
115.3,50.4627,-86.9829,-0.0320184,-0.999487
115.4,50.4592,-87.0959,-0.0308297,-0.999525
115.5,50.4559,-87.2085,-0.0297787,-0.999556
115.6,50.4528,-87.3206,-0.0287863,-0.999586
115.7,50.4499,-87.4323,-0.0276644,-0.999617
115.8,50.4473,-87.5437,-0.0266356,-0.999645
115.9,50.4448,-87.6546,-0.0256521,-0.999671
116,50.4425,-87.7652,-0.0246022,-0.999697
116.1,50.4405,-87.8753,-0.0234492,-0.999725
116.2,50.4386,-87.985,-0.0222429,-0.999753
116.3,50.4371,-88.0943,-0.020928,-0.999781
116.4,50.4358,-88.2031,-0.0195328,-0.999809
116.5,50.4348,-88.3115,-0.0180702,-0.999837
116.6,50.4341,-88.4193,-0.0165005,-0.999864
116.7,50.4337,-88.5266,-0.0148318,-0.99989
116.8,50.4337,-88.633,-0.0125201,-0.999922
116.9,50.4343,-88.7385,-0.00966094,-0.999953
117,50.4352,-88.842,-0.0077274,-0.99997
117.1,50.4358,-88.9429,-0.0102148,-0.999948
117.2,50.4366,-89.0442,-0.00889784,-0.99996
117.3,50.4378,-89.1456,-0.00701552,-0.999975
117.4,50.4391,-89.2466,-0.00597567,-0.999982
117.5,50.4411,-89.3471,-0.00235948,-0.999997
117.6,50.4435,-89.4472,-0.000414092,-1
117.7,50.4467,-89.5459,0.00440569,-0.99999
117.8,50.4494,-89.6438,0.0011678,-0.999999
117.9,50.453,-89.7399,0.00634639,-0.99998
118,50.4598,-89.8289,0.0263833,-0.999652
118.1,50.4643,-89.923,0.0112852,-0.999936
118.2,50.4676,-90.019,0.00350346,-0.999994
118.3,50.4748,-90.1139,0.0274929,-0.999622
118.4,50.4846,-90.2002,0.0447557,-0.998998
118.5,50.4938,-90.2894,0.0397605,-0.999209
118.6,50.5027,-90.3801,0.036658,-0.999328
118.7,50.5146,-90.466,0.0571233,-0.998367
118.8,50.5641,-90.519,0.353151,-0.935566
118.9,50.5696,-90.5481,0.0209849,-0.99978
119,50.5707,-90.6062,-0.0188465,-0.999822
119.1,50.5855,-90.6581,0.0927003,-0.995694
119.2,50.5568,-90.6914,-0.2991,-0.954222
119.3,50.578,-90.7236,0.171641,-0.98516
119.4,50.5882,-90.7802,0.0524191,-0.998625
119.5,50.577,-90.8372,-0.116821,-0.993153
119.6,50.5869,-90.9079,0.0447877,-0.998997
119.7,50.6005,-91.0284,0.0520237,-0.998646
119.8,50.5947,-91.1196,-0.0596,-0.998222
119.9,50.5654,-91.1668,-0.272401,-0.962184
120,50.5592,-91.2204,-0.0794733,-0.996837
120.1,50.5646,-91.2512,0.0179804,-0.999838
120.2,50.628,-91.3084,0.42519,-0.905104
120.3,50.6346,-91.409,0.014908,-0.999889
120.4,50.6064,-91.5008,-0.196712,-0.980461
120.5,50.6424,-91.5714,0.222119,-0.97502
120.6,50.6817,-91.6313,0.260724,-0.965413
120.7,50.7122,-91.7179,0.162751,-0.986667
120.8,50.761,-91.8511,0.211927,-0.977285
120.9,50.7852,-91.9406,0.118403,-0.992966
121,50.7676,-92.0289,-0.144639,-0.989484
121.1,50.7455,-92.0991,-0.192293,-0.981338
121.2,50.7326,-92.156,-0.141818,-0.989893
121.3,50.7026,-92.2457,-0.215624,-0.976476
121.4,50.718,-92.3143,0.0742837,-0.997237
121.5,50.7235,-92.3947,0.00213393,-0.999998
121.6,50.727,-92.4314,-0.0162535,-0.999868
121.7,50.7646,-92.4315,0.41943,-0.907788
121.8,50.791,-92.4804,0.172905,-0.984938
121.9,50.7813,-92.5433,-0.115872,-0.993264
122,50.7992,-92.6478,0.0695734,-0.997577
122.1,50.8538,-92.7184,0.327306,-0.944918
122.2,50.877,-92.7941,0.114876,-0.99338
122.3,50.893,-92.8204,0.09739,-0.995246
122.4,50.8935,-92.8732,-0.0518429,-0.998655
122.5,50.8939,-92.968,-0.0389794,-0.99924
122.6,50.8827,-93.0564,-0.113651,-0.993521
122.7,50.8943,-93.1027,0.0412644,-0.999148
122.8,50.8822,-93.193,-0.119112,-0.992881
122.9,50.8889,-93.2516,-0.00205025,-0.999998
123,50.8598,-93.3435,-0.218254,-0.975892
123.1,50.8469,-93.3876,-0.17199,-0.985099
123.2,50.847,-93.4063,-0.0755746,-0.99714
123.3,50.8339,-93.4709,-0.146829,-0.989162
123.4,50.7859,-93.57,-0.309251,-0.95098
123.5,50.7599,-93.7036,-0.157922,-0.987452
123.6,50.779,-93.8588,0.056478,-0.998404
123.7,50.7485,-94.0231,-0.156771,-0.987635
123.8,50.7648,-94.1022,0.0652076,-0.997872
123.9,50.7414,-94.2031,-0.17361,-0.984815
124,50.7529,-94.3398,0.0233421,-0.999728
124.1,50.7069,-94.4074,-0.359455,-0.933162
124.2,50.6919,-94.4361,-0.213019,-0.977048
124.3,50.6541,-94.4697,-0.393322,-0.919401
124.4,50.6447,-94.4855,-0.177563,-0.984109
124.5,50.6817,-94.5199,0.285159,-0.95848
124.6,50.7171,-94.6044,0.184856,-0.982766
124.7,50.7041,-94.663,-0.151956,-0.988387
124.8,50.6755,-94.649,-0.535902,-0.84428
124.9,50.673,-94.6776,-0.0903689,-0.995908
125,50.6567,-94.7287,-0.184451,-0.982842
125.1,50.6846,-94.7595,0.209872,-0.977729
125.2,50.7073,-94.7499,0.258547,-0.965999
125.3,50.7008,-94.781,-0.13013,-0.991497
125.4,50.6936,-94.862,-0.092571,-0.995706
125.5,50.7164,-94.9468,0.103331,-0.994647
125.6,50.7528,-95.0076,0.219272,-0.975664
125.7,50.6985,-95.089,-0.378649,-0.92554
125.8,50.6635,-95.1139,-0.40614,-0.913811
125.9,50.6683,-95.1698,-0.0151443,-0.999885
126,50.6217,-95.2171,-0.415611,-0.909543
126.1,50.6161,-95.2687,-0.0982782,-0.995159
126.2,50.6603,-95.3256,0.28591,-0.958256
126.3,50.6892,-95.4489,0.113588,-0.993528
126.4,50.6883,-95.5322,-0.0542068,-0.99853
126.5,50.6917,-95.6814,-0.018227,-0.999834
126.6,50.6854,-95.7973,-0.0748537,-0.997195
126.7,50.6161,-95.8442,-0.551125,-0.834423
126.8,50.5239,-95.9354,-0.524895,-0.851167
126.9,50.3817,-96.0243,-0.682884,-0.730527
127,50.2837,-96.0897,-0.603669,-0.797235
127.1,50.1844,-96.1052,-0.7689,-0.639369
127.2,50.0925,-96.1701,-0.572331,-0.820022
127.3,50.0928,-96.3107,-0.00345704,-0.999994
127.4,50.1792,-96.4746,0.342206,-0.939625
127.5,50.3006,-96.6028,0.515367,-0.85697
127.6,50.3539,-96.7053,0.275687,-0.961248
127.7,50.4102,-96.7284,0.484722,-0.874668
127.8,50.4164,-96.7517,0.00846972,-0.999964
127.9,50.4107,-96.7301,-0.227757,-0.973718
128,50.4803,-96.6903,0.906065,-0.423139
128.1,50.4728,-96.7267,-0.128596,-0.991697
128.2,50.4215,-96.7769,-0.432946,-0.90142
128.3,50.4115,-96.7942,-0.176064,-0.984379
128.4,50.4585,-96.7455,0.890925,-0.454151
128.5,50.5495,-96.719,0.891207,-0.453596
128.6,50.6579,-96.7788,0.615873,-0.787846
128.7,50.7754,-96.8456,0.623567,-0.78177
128.8,50.8658,-96.9079,0.519764,-0.85431
128.9,50.9146,-96.9425,0.33698,-0.941512
129,50.9141,-96.9855,-0.114873,-0.99338
129.1,50.9442,-97.0337,0.147767,-0.989022
129.2,50.8817,-97.0558,-0.639379,-0.768891
129.3,50.8051,-97.0884,-0.658843,-0.752281
129.4,50.7494,-97.0756,-0.765889,-0.642973
129.5,50.7389,-97.0415,-0.51381,-0.857904
129.6,50.6534,-97.0946,-0.616505,-0.787351
129.7,50.5218,-97.1263,-0.812527,-0.582923
129.8,50.428,-97.0529,-0.999291,0.0376434
129.9,50.3897,-96.9746,-0.981868,0.189568
130,50.2805,-96.9187,-0.992754,-0.120168
130.1,50.1925,-96.938,-0.717332,-0.696732
130.2,50.134,-96.9245,-0.734756,-0.678331
130.3,50.1403,-96.9314,0.0580004,-0.998317
130.4,50.1685,-96.9001,0.562065,-0.827093
130.5,50.2092,-96.9272,0.367727,-0.929934
130.6,50.2139,-97.0475,0.00957037,-0.999954
130.7,50.3199,-97.1573,0.497144,-0.867668
130.8,50.4837,-97.281,0.63502,-0.772496
130.9,50.5203,-97.4102,0.146726,-0.989177
131,50.5858,-97.5297,0.291509,-0.956568
131.1,50.6064,-97.5302,0.163105,-0.986609
131.2,50.6206,-97.5534,0.0511287,-0.998692
131.3,50.6244,-97.708,-0.0261812,-0.999657
131.4,50.6144,-97.8135,-0.114219,-0.993456
131.5,50.59,-97.8366,-0.35038,-0.936608
131.6,50.5748,-97.9365,-0.146415,-0.989223
131.7,50.614,-98.0659,0.146673,-0.989185
131.8,50.6294,-98.2067,0.0216854,-0.999765
131.9,50.694,-98.356,0.236642,-0.971597
132,50.8001,-98.4624,0.468832,-0.883287
132.1,50.8631,-98.5396,0.310623,-0.950533
132.2,50.8959,-98.5011,0.474207,-0.880414
132.3,50.9682,-98.5402,0.456994,-0.88947
132.4,51.1161,-98.6659,0.55571,-0.831376
132.5,51.2147,-98.7997,0.356362,-0.934348
132.6,51.2084,-99.0319,-0.103986,-0.994579
132.7,51.1737,-99.2069,-0.24677,-0.969074
132.8,51.2313,-99.2396,0.298839,-0.954304
132.9,51.3224,-99.1432,0.887328,0.461139
133,51.3069,-99.0685,-0.970627,0.240588
133.1,51.1884,-99.0736,-0.905206,-0.424974
133.2,51.1044,-99.1547,-0.602822,-0.797876
133.3,51.0125,-99.3206,-0.452577,-0.891725
133.4,50.9681,-99.4022,-0.425116,-0.905139
133.5,51.0021,-99.3733,0.250608,-0.968089
133.6,50.9547,-99.4195,-0.543599,-0.839345
133.7,50.866,-99.4784,-0.67218,-0.740388
133.8,50.8846,-99.5972,-0.0222192,-0.999753
133.9,50.8686,-99.6791,-0.262492,-0.964934
134,50.9062,-99.6914,0.165667,-0.986182
134.1,50.9751,-99.7119,0.451058,-0.892495
134.2,51.0255,-99.6784,0.596872,-0.802336
134.3,51.0939,-99.7093,0.388803,-0.921321
134.4,50.9905,-99.804,-0.645733,-0.763563
134.5,50.9805,-99.8031,-0.524476,-0.851425
134.6,51.0562,-99.7731,0.812612,-0.582806
134.7,51.082,-99.745,-0.120036,-0.99277
134.8,51.1427,-99.7471,0.422845,-0.906202
134.9,51.074,-99.8034,-0.645498,-0.763762
135,50.9772,-99.9247,-0.569506,-0.821987
135.1,50.9285,-100.06,-0.367605,-0.929982
135.2,50.8797,-100.141,-0.47961,-0.877482
135.3,50.8181,-100.145,-0.808281,-0.588796
135.4,50.9121,-100.155,0.660829,-0.750537
135.5,50.901,-100.179,-0.439064,-0.898456
135.6,50.8945,-100.15,-0.739208,-0.673477
135.7,50.8904,-100.09,-0.997285,-0.073638
135.8,50.828,-100.055,-0.956231,-0.292612
135.9,50.7423,-100.134,-0.619411,-0.785067
136,50.6963,-100.135,-0.732316,-0.680965
136.1,50.7196,-100.139,-0.0163682,-0.999866
136.2,50.6555,-100.154,-0.745963,-0.665988
136.3,50.6777,-100.123,-0.0357992,-0.999359
136.4,50.7621,-100.126,0.665272,-0.746601
136.5,50.8107,-100.276,0.102705,-0.994712
136.6,50.8091,-100.345,-0.229258,-0.973366
136.7,50.8482,-100.339,0.147181,-0.98911
136.8,50.927,-100.283,0.990362,-0.138503
136.9,50.971,-100.221,0.990362,-0.138503
137,51.0131,-100.228,0.125064,-0.992149
137.1,51.081,-100.264,0.322034,-0.946728
137.2,51.1528,-100.304,0.329694,-0.944088
137.3,51.1771,-100.384,-0.108858,-0.994057
137.4,51.1567,-100.466,-0.404402,-0.914581
137.5,51.1883,-100.526,-0.0920379,-0.995755
137.6,51.1895,-100.515,-0.694992,-0.719018
137.7,51.1143,-100.547,-0.810576,-0.585634
137.8,51.0152,-100.616,-0.750267,-0.661134
137.9,51.0256,-100.785,-0.136247,-0.990675
138,51.0225,-100.894,-0.283884,-0.958858
138.1,50.9917,-100.904,-0.790342,-0.612666
138.2,50.9125,-100.909,-0.910445,-0.41363
138.3,50.8661,-100.944,-0.718644,-0.695378
138.4,50.8772,-101.012,-0.262915,-0.964819
138.5,50.7888,-101.078,-0.749779,-0.661688
138.6,50.6998,-101.063,-0.962916,-0.269801
138.7,50.5918,-101,-0.999006,0.0445739
138.8,50.514,-100.945,-0.999102,-0.0423586
138.9,50.4005,-101.057,-0.635669,-0.771962
139,50.4302,-101.231,0.00968996,-0.999953
139.1,50.5871,-101.398,0.474206,-0.880414
139.2,50.7099,-101.415,0.742691,-0.669635
139.3,50.7744,-101.379,0.742691,-0.669635
139.4,50.8181,-101.304,-0.328819,0.944393
139.5,50.838,-101.169,-0.349051,0.937104
139.6,50.9155,-101.145,0.746225,-0.665694
139.7,51.021,-101.192,0.494987,-0.8689
139.8,51.1221,-101.143,0.992909,0.118875
139.9,51.1751,-101.026,-0.0358295,0.999358
140,51.115,-100.914,-0.86135,0.508012
140.1,51.0309,-101.051,-0.587099,-0.809515
140.2,50.9026,-101.149,-0.776251,-0.630424
140.3,50.8135,-101.126,-0.985229,-0.17124
140.4,50.8055,-101.17,-0.503161,-0.864193
140.5,50.86,-101.395,0.0210602,-0.999778
140.6,50.8432,-101.605,-0.282798,-0.959179
140.7,50.7684,-101.766,-0.58846,-0.808526
140.8,50.7787,-101.929,-0.294996,-0.955498
140.9,50.7713,-102.003,-0.690302,-0.723521
141,50.7448,-101.998,-0.998091,0.0617658
141.1,50.6824,-101.983,-0.99426,0.106994
141.2,50.4595,-102.227,-0.76654,-0.642196
141.3,50.3734,-102.189,-0.908062,0.418836
141.4,50.2648,-102.118,-0.85682,0.515616
