0.1,-48.4781,69.4826
0.2,-48.4418,69.4509
0.3,-48.3946,69.4061
0.4,-48.3388,69.3504
0.5,-48.2769,69.287
0.6,-48.2114,69.2204
0.7,-48.1428,69.1519
0.8,-48.0714,69.0823
0.9,-47.9975,69.0121
1,-47.9214,68.9415
1.1,-47.8436,68.8708
1.2,-47.7648,68.8003
1.3,-47.6853,68.7303
1.4,-47.6052,68.6609
1.5,-47.5249,68.5919
1.6,-47.4446,68.5233
1.7,-47.3647,68.455
1.8,-47.2853,68.3868
1.9,-47.2064,68.3187
2,-47.1279,68.2503
2.1,-47.0499,68.1815
2.2,-46.9725,68.1121
2.3,-46.8957,68.0417
2.4,-46.8197,67.9702
2.5,-46.7447,67.8972
2.6,-46.6707,67.8228
2.7,-46.5981,67.7468
2.8,-46.5267,67.6694
2.9,-46.4563,67.5904
3,-46.3867,67.51
3.1,-46.317,67.4313
3.2,-46.2478,67.3529
3.3,-46.1799,67.2745
3.4,-46.1132,67.1959
3.5,-46.0481,67.1167
3.6,-45.9848,67.0365
3.7,-45.9232,66.955
3.8,-45.8636,66.8723
3.9,-45.806,66.7883
4,-45.7504,66.703
4.1,-45.6968,66.6162
4.2,-45.6452,66.5276
4.3,-45.5952,66.4371
4.4,-45.5463,66.3449
4.5,-45.4977,66.251
4.6,-45.4487,66.1556
4.7,-45.3982,66.0588
4.8,-45.3446,65.9668
4.9,-45.2892,65.8649
5,-45.2289,65.7725
5.1,-45.1664,65.6748
5.2,-45.1008,65.5815
5.3,-45.0334,65.4855
5.4,-44.9653,65.3896
5.5,-44.898,65.2915
5.6,-44.8312,65.193
5.7,-44.766,65.0924
5.8,-44.7009,64.9907
5.9,-44.6369,64.8872
6,-44.5735,64.787
6.1,-44.5115,64.6859
6.2,-44.4495,64.5855
6.3,-44.3878,64.4841
6.4,-44.3264,64.3828
6.5,-44.2649,64.2815
6.6,-44.2022,64.1826
6.7,-44.1397,64.0813
6.8,-44.0752,63.9808
6.9,-44.012,63.8781
7,-43.9484,63.7754
7.1,-43.885,63.6765
7.2,-43.8224,63.5772
7.3,-43.7587,63.4792
7.4,-43.6943,63.3802
7.5,-43.6277,63.282
7.6,-43.5592,63.1829
7.7,-43.4891,63.0833
7.8,-43.4188,62.9826
7.9,-43.3472,62.8811
8,-43.2741,62.7778
8.1,-43.1984,62.6732
8.2,-43.1202,62.5672
8.3,-43.0397,62.4606
8.4,-42.9574,62.3539
8.5,-42.8744,62.2506
8.6,-42.7909,62.1487
8.7,-42.7076,62.0482
8.8,-42.6249,61.9492
8.9,-42.5428,61.8518
9,-42.4614,61.7562
9.1,-42.3802,61.6626
9.2,-42.2987,61.5716
9.3,-42.2169,61.4833
9.4,-42.1364,61.4018
9.5,-42.0565,61.325
9.6,-41.9768,61.2525
9.7,-41.8968,61.1836
9.8,-41.8186,61.116
9.9,-41.7421,61.0496
10,-41.6675,60.9842
10.1,-41.5949,60.9197
10.2,-41.5244,60.8563
10.3,-41.4556,60.7935
10.4,-41.3882,60.7308
10.5,-41.322,60.6676
10.6,-41.2568,60.6031
10.7,-41.1922,60.537
10.8,-41.1275,60.4686
10.9,-41.0617,60.3993
11,-40.9935,60.3251
11.1,-40.923,60.2515
11.2,-40.8497,60.1792
11.3,-40.7735,60.1074
11.4,-40.6946,60.0364
11.5,-40.6137,59.9668
11.6,-40.5323,59.8975
11.7,-40.453,59.8278
11.8,-40.3744,59.757
11.9,-40.2989,59.6863
12,-40.2239,59.6153
12.1,-40.154,59.5403
12.2,-40.0786,59.4659
12.3,-40.0073,59.3768
12.4,-39.93,59.2916
12.5,-39.8507,59.2046
12.6,-39.7715,59.1165
12.7,-39.6922,59.028
12.8,-39.6141,58.9403
12.9,-39.5364,58.8521
13,-39.4597,58.7634
13.1,-39.3851,58.6739
13.2,-39.3125,58.5838
13.3,-39.2422,58.4957
13.4,-39.1738,58.4063
13.5,-39.1056,58.3159
13.6,-39.0373,58.2235
13.7,-38.9681,58.1326
13.8,-38.8976,58.0403
13.9,-38.8251,57.9492
14,-38.7501,57.8581
14.1,-38.6729,57.7689
14.2,-38.5939,57.6825
14.3,-38.5146,57.5976
14.4,-38.437,57.5134
14.5,-38.3609,57.4296
14.6,-38.2868,57.3457
14.7,-38.2137,57.2621
14.8,-38.1431,57.1774
14.9,-38.0719,57.0921
15,-38.0038,57.0012
15.1,-37.9305,56.9158
15.2,-37.8593,56.8156
15.3,-37.7822,56.7272
15.4,-37.7036,56.6344
15.5,-37.6239,56.5462
15.6,-37.5458,56.4584
15.7,-37.4679,56.3723
15.8,-37.3905,56.2884
15.9,-37.3125,56.2057
16,-37.2338,56.1256
16.1,-37.1528,56.0468
16.2,-37.0694,55.9706
16.3,-36.9828,55.8953
16.4,-36.8936,55.8218
16.5,-36.802,55.7487
16.6,-36.7107,55.6787
16.7,-36.6199,55.6086
16.8,-36.5293,55.5391
16.9,-36.4392,55.4694
17,-36.3489,55.4
17.1,-36.2583,55.3298
17.2,-36.1667,55.2598
17.3,-36.0744,55.1884
17.4,-35.9812,55.1163
17.5,-35.8881,55.0427
17.6,-35.7956,54.9713
17.7,-35.7039,54.8994
17.8,-35.6135,54.8261
17.9,-35.5249,54.7511
18,-35.4383,54.6744
18.1,-35.3537,54.5965
18.2,-35.271,54.5175
18.3,-35.1899,54.4377
18.4,-35.1102,54.3575
18.5,-35.0318,54.2776
18.6,-34.954,54.2019
18.7,-34.8767,54.1288
18.8,-34.7994,54.0549
18.9,-34.7224,53.9808
19,-34.6456,53.9064
19.1,-34.5692,53.8322
19.2,-34.4931,53.7586
19.3,-34.4171,53.6856
19.4,-34.3409,53.6138
19.5,-34.2645,53.5434
19.6,-34.1887,53.4738
19.7,-34.1126,53.4051
19.8,-34.0363,53.3374
19.9,-33.9594,53.2706
20,-33.8821,53.2045
20.1,-33.8045,53.1389
20.2,-33.7275,53.0744
20.3,-33.6509,53.0106
20.4,-33.5741,52.9472
20.5,-33.4971,52.884
20.6,-33.42,52.8205
20.7,-33.3428,52.7564
20.8,-33.2656,52.692
20.9,-33.1882,52.6268
21,-33.1102,52.5605
21.1,-33.0319,52.4935
21.2,-32.9529,52.4258
21.3,-32.8735,52.3576
21.4,-32.7936,52.2887
21.5,-32.714,52.2202
21.6,-32.6346,52.1497
21.7,-32.5551,52.0776
21.8,-32.475,52.0034
21.9,-32.3935,51.9276
22,-32.3102,51.8504
22.1,-32.2248,51.7718
22.2,-32.137,51.6922
22.3,-32.0473,51.6131
22.4,-31.9558,51.5334
22.5,-31.8627,51.4533
22.6,-31.7683,51.3729
22.7,-31.6725,51.2924
22.8,-31.5754,51.2119
22.9,-31.4777,51.1336
23,-31.3789,51.0559
23.1,-31.279,50.9788
23.2,-31.178,50.9024
23.3,-31.0759,50.8268
23.4,-30.9728,50.7521
23.5,-30.8692,50.6793
23.6,-30.7651,50.6076
23.7,-30.6604,50.5365
23.8,-30.5553,50.466
23.9,-30.4498,50.3961
24,-30.344,50.3268
24.1,-30.239,50.2591
24.2,-30.1345,50.1925
24.3,-30.0306,50.1266
24.4,-29.9273,50.0615
24.5,-29.8252,49.9983
24.6,-29.7238,49.9359
24.7,-29.6225,49.8742
24.8,-29.521,49.8129
24.9,-29.4192,49.7517
25,-29.3171,49.6897
25.1,-29.2146,49.6265
25.2,-29.1113,49.5621
25.3,-29.0069,49.4967
25.4,-28.9011,49.4306
25.5,-28.7945,49.365
25.6,-28.6869,49.2987
25.7,-28.5781,49.2321
25.8,-28.4685,49.165
25.9,-28.3582,49.0973
26,-28.2472,49.029
26.1,-28.1358,48.9602
26.2,-28.0238,48.8907
26.3,-27.911,48.8207
26.4,-27.7972,48.7503
26.5,-27.6836,48.6809
26.6,-27.5698,48.611
26.7,-27.4559,48.5406
26.8,-27.3422,48.47
26.9,-27.229,48.3992
27,-27.1163,48.3281
27.1,-27.0042,48.2569
27.2,-26.8926,48.1854
27.3,-26.7828,48.1151
27.4,-26.6741,48.0453
27.5,-26.5661,47.9757
27.6,-26.4586,47.9058
27.7,-26.3514,47.8358
27.8,-26.2445,47.7658
27.9,-26.1385,47.697
28,-26.0329,47.6287
28.1,-25.9274,47.5608
28.2,-25.8219,47.4929
28.3,-25.7162,47.4248
28.4,-25.6106,47.357
28.5,-25.5051,47.2899
28.6,-25.3999,47.2226
28.7,-25.2951,47.1544
28.8,-25.1905,47.0854
28.9,-25.0863,47.0156
29,-24.9826,46.9452
29.1,-24.8795,46.8743
29.2,-24.7772,46.8038
29.3,-24.6756,46.7337
29.4,-24.5746,46.6638
29.5,-24.4744,46.5938
29.6,-24.3749,46.5238
29.7,-24.2763,46.4537
29.8,-24.1792,46.3838
29.9,-24.0845,46.3147
30,-24.004,46.264
30.1,-23.9188,46.2067
30.2,-23.8314,46.1456
30.3,-23.746,46.0817
30.4,-23.6606,46.0172
30.5,-23.5759,45.9539
30.6,-23.4928,45.8928
30.7,-23.4111,45.8337
30.8,-23.3295,45.7764
30.9,-23.2491,45.72
31,-23.1817,45.6893
31.1,-23.1052,45.6448
31.2,-23.04,45.615
31.3,-22.9656,45.5738
31.4,-22.8973,45.5817
31.5,-22.8151,45.5564
31.6,-22.7335,45.5294
31.7,-22.6451,45.5229
31.8,-22.5535,45.4962
31.9,-22.4625,45.4668
32,-22.3717,45.4325
32.1,-22.2809,45.3967
32.2,-22.1899,45.3569
32.3,-22.0979,45.3166
32.4,-22.0046,45.2701
32.5,-21.9097,45.2246
32.6,-21.8131,45.1746
32.7,-21.7151,45.1205
32.8,-21.6156,45.0626
32.9,-21.5144,45.0012
33,-21.4115,44.9363
33.1,-21.3072,44.8682
33.2,-21.202,44.7967
33.3,-21.0964,44.7218
33.4,-20.9909,44.6435
33.5,-20.8857,44.5619
33.6,-20.7811,44.4774
33.7,-20.6776,44.3911
33.8,-20.575,44.3033
33.9,-20.4731,44.2143
34,-20.3719,44.1243
34.1,-20.2711,44.0334
34.2,-20.1706,43.9418
34.3,-20.0702,43.8496
34.4,-19.9703,43.7577
34.5,-19.8707,43.666
34.6,-19.7712,43.5741
34.7,-19.6718,43.4822
34.8,-19.5726,43.39
34.9,-19.4737,43.2984
35,-19.3752,43.207
35.1,-19.2769,43.1157
35.2,-19.179,43.0246
35.3,-19.0812,42.9335
35.4,-18.984,42.8432
35.5,-18.8871,42.7535
35.6,-18.7906,42.6644
35.7,-18.6946,42.5757
35.8,-18.5988,42.4874
35.9,-18.5034,42.3995
36,-18.4083,42.3119
36.1,-18.3132,42.2246
36.2,-18.2183,42.1376
36.3,-18.1234,42.0513
36.4,-18.0284,41.9657
36.5,-17.9334,41.8801
36.6,-17.8382,41.7944
36.7,-17.7429,41.7081
36.8,-17.6475,41.6213
36.9,-17.5519,41.5339
37,-17.4562,41.4457
37.1,-17.3603,41.3569
37.2,-17.2643,41.2673
37.3,-17.1681,41.177
37.4,-17.0718,41.0859
37.5,-16.9753,40.9941
37.6,-16.8788,40.9015
37.7,-16.7822,40.8091
37.8,-16.6863,40.7163
37.9,-16.5909,40.6231
38,-16.4961,40.5295
38.1,-16.4014,40.4355
38.2,-16.3069,40.341
38.3,-16.2124,40.2461
38.4,-16.1179,40.1507
38.5,-16.0235,40.0547
38.6,-15.9292,39.9582
38.7,-15.8351,39.8611
38.8,-15.741,39.7635
38.9,-15.6473,39.6652
39,-15.5537,39.5664
39.1,-15.4605,39.4669
39.2,-15.3675,39.3669
39.3,-15.2746,39.2669
39.4,-15.1819,39.1669
39.5,-15.0895,39.0666
39.6,-14.9974,38.9661
39.7,-14.9058,38.8652
39.8,-14.8144,38.764
39.9,-14.7232,38.6625
40,-14.6323,38.5607
40.1,-14.5415,38.4586
40.2,-14.451,38.3561
40.3,-14.3606,38.2534
40.4,-14.2703,38.1503
40.5,-14.1796,38.0469
40.6,-14.0885,37.9432
40.7,-13.997,37.8391
40.8,-13.9052,37.7347
40.9,-13.8131,37.6308
41,-13.7207,37.5278
41.1,-13.6279,37.4254
41.2,-13.535,37.3234
41.3,-13.4419,37.2222
41.4,-13.349,37.121
41.5,-13.2562,37.0199
41.6,-13.1637,36.9184
41.7,-13.0717,36.8161
41.8,-12.98,36.713
41.9,-12.8885,36.609
42,-12.7974,36.5043
42.1,-12.7059,36.3992
42.2,-12.6139,36.2935
42.3,-12.5217,36.1872
42.4,-12.4295,36.0801
42.5,-12.3373,35.9721
42.6,-12.245,35.8634
42.7,-12.1527,35.7543
42.8,-12.0607,35.645
42.9,-11.9709,35.5343
43,-11.8835,35.424
43.1,-11.7962,35.3154
43.2,-11.7104,35.2083
43.3,-11.6267,35.1017
43.4,-11.5488,34.9932
43.5,-11.4699,34.8839
43.6,-11.4031,34.7683
43.7,-11.3288,34.6545
43.8,-11.2573,34.5353
43.9,-11.1857,34.415
44,-11.1151,34.292
44.1,-11.0442,34.1685
44.2,-10.9768,34.0413
44.3,-10.9075,33.9164
44.4,-10.8422,33.7884
44.5,-10.7755,33.6621
44.6,-10.7094,33.5269
44.7,-10.6401,33.3946
44.8,-10.5664,33.248
44.9,-10.5031,33.0986
45,-10.4385,32.9603
45.1,-10.372,32.8261
45.2,-10.3075,32.7418
45.3,-10.2722,32.6251
45.4,-10.2344,32.5583
45.5,-10.2019,32.4752
45.6,-10.2076,32.3741
45.7,-10.1891,32.2616
45.8,-10.1682,32.1991
45.9,-10.1461,32.1299
46,-10.1229,32.0698
46.1,-10.1339,32.0196
46.2,-10.1101,31.9674
46.3,-10.074,31.8667
46.4,-10.0253,31.7895
46.5,-9.99231,31.6931
46.6,-9.93958,31.6462
46.7,-9.89137,31.5786
46.8,-9.8374,31.4743
46.9,-9.79442,31.4135
47,-9.73773,31.3036
47.1,-9.68963,31.1921
47.2,-9.63935,31.0894
47.3,-9.58906,30.9854
47.4,-9.53868,30.8301
47.5,-9.49366,30.6899
47.6,-9.48623,30.5828
47.7,-9.45723,30.4687
47.8,-9.42462,30.3555
47.9,-9.39324,30.259
48,-9.34822,30.1189
48.1,-9.30655,29.9744
48.2,-9.25934,29.8234
48.3,-9.18837,29.698
48.4,-9.12677,29.5382
48.5,-9.0625,29.3828
48.6,-9.01209,29.2721
48.7,-8.99056,29.1986
48.8,-8.95733,29.1299
48.9,-8.91947,29.0384
49,-8.89938,28.9099
49.1,-8.84719,28.7912
49.2,-8.81527,28.6268
49.3,-8.76267,28.485
49.4,-8.67634,28.3271
49.5,-8.56484,28.2123
49.6,-8.4625,28.0642
49.7,-8.36063,27.9349
49.8,-8.265,27.8068
49.9,-8.1705,27.6806
50,-8.0776,27.5599
50.1,-7.98566,27.4377
50.2,-7.89179,27.3084
50.3,-7.79985,27.1866
50.4,-7.70908,27.0688
50.5,-7.61803,26.9576
50.6,-7.52735,26.8426
50.7,-7.43023,26.7099
50.8,-7.33999,26.5872
50.9,-7.25294,26.4698
51,-7.16709,26.3555
51.1,-7.08144,26.246
51.2,-6.99678,26.1396
51.3,-6.91166,26.0342
51.4,-6.82643,25.9278
51.5,-6.74097,25.8223
51.6,-6.65702,25.7152
51.7,-6.57102,25.6084
51.8,-6.48861,25.497
51.9,-6.40235,25.3809
52,-6.31579,25.2662
52.1,-6.22964,25.1551
52.2,-6.14375,25.0448
52.3,-6.05667,24.93
52.4,-5.96964,24.8135
52.5,-5.88448,24.6991
52.6,-5.7995,24.5875
52.7,-5.71477,24.4779
52.8,-5.62997,24.3691
52.9,-5.54557,24.2625
53,-5.4615,24.156
53.1,-5.37716,24.0487
53.2,-5.29284,23.9417
53.3,-5.20847,23.8298
53.4,-5.12367,23.7204
53.5,-5.03916,23.612
53.6,-4.95474,23.5037
53.7,-4.87039,23.3952
53.8,-4.78592,23.287
53.9,-4.70159,23.1791
54,-4.61746,23.0714
54.1,-4.53333,22.9631
54.2,-4.4495,22.8546
54.3,-4.36528,22.7471
54.4,-4.28101,22.6394
54.5,-4.1961,22.5329
54.6,-4.11099,22.4262
54.7,-4.0251,22.3216
54.8,-3.93934,22.2184
54.9,-3.8529,22.1171
55,-3.76698,22.0163
55.1,-3.68124,21.9158
55.2,-3.59578,21.8158
55.3,-3.51052,21.7161
55.4,-3.42553,21.6168
55.5,-3.3411,21.5188
55.6,-3.25693,21.4218
55.7,-3.17357,21.3272
55.8,-3.09178,21.2334
55.9,-3.00218,21.0901
56,-2.93508,20.9551
56.1,-2.85509,20.8398
56.2,-2.79903,20.7327
56.3,-2.73064,20.6292
56.4,-2.65399,20.5319
56.5,-2.5779,20.4517
56.6,-2.50442,20.36
56.7,-2.43103,20.28
56.8,-2.35181,20.1981
56.9,-2.29353,20.1084
57,-2.21884,20.0181
57.1,-2.15825,19.8798
57.2,-2.09485,19.7417
57.3,-2.01857,19.6239
57.4,-1.96775,19.463
57.5,-1.87576,19.3305
57.6,-1.82387,19.1682
57.7,-1.75108,19.0384
57.8,-1.69289,18.8756
57.9,-1.62176,18.7455
58,-1.56752,18.5738
58.1,-1.4975,18.4347
58.2,-1.43362,18.2986
58.3,-1.36896,18.1482
58.4,-1.29836,18.0124
58.5,-1.23294,17.8746
58.6,-1.16633,17.743
58.7,-1.09923,17.6104
58.8,-1.0331,17.4854
58.9,-0.964712,17.3641
59,-0.895528,17.2445
59.1,-0.826118,17.1308
59.2,-0.759762,17.0195
59.3,-0.696032,16.9159
59.4,-0.676683,16.7935
59.5,-0.619103,16.6632
59.6,-0.59372,16.5629
59.7,-0.535669,16.4454
59.8,-0.520309,16.3437
59.9,-0.466371,16.226
60,-0.447094,16.1444
60.1,-0.405814,16.018
60.2,-0.366993,15.9148
60.3,-0.314662,15.8161
60.4,-0.254988,15.7251
60.5,-0.190107,15.6395
60.6,-0.128698,15.5621
60.7,-0.057882,15.4846
60.8,0.0317334,15.4186
60.9,0.108068,15.3254
61,0.230338,15.2519
61.1,0.347317,15.1506
61.2,0.45004,15.0714
61.3,0.545984,14.992
61.4,0.633858,14.9142
61.5,0.722977,14.8317
61.6,0.820863,14.7703
61.7,0.92531,14.6866
61.8,1.01095,14.5999
61.9,1.10879,14.5264
62,1.16082,14.473
62.1,1.2347,14.4001
62.2,1.32545,14.3582
62.3,1.36639,14.3118
62.4,1.41698,14.2657
62.5,1.48286,14.2056
62.6,1.54825,14.1425
62.7,1.62279,14.0746
62.8,1.67298,13.995
62.9,1.7391,13.9126
63,1.81064,13.8404
63.1,1.88102,13.7342
63.2,1.96767,13.6343
63.3,2.03499,13.5305
63.4,2.08554,13.4739
63.5,2.10881,13.4591
63.6,2.15286,13.4327
63.7,2.20211,13.4168
63.8,2.24994,13.4451
63.9,2.26896,13.4469
64,2.32431,13.456
64.1,2.33707,13.4388
64.2,2.36834,13.4565
64.3,2.40902,13.4572
64.4,2.45522,13.4508
64.5,2.50538,13.4344
64.6,2.56654,13.4492
64.7,2.60315,13.4205
64.8,2.65236,13.3959
64.9,2.74645,13.3934
65,2.80285,13.398
65.1,2.90242,13.3774
65.2,2.98581,13.3604
65.3,3.06026,13.3328
65.4,3.14316,13.296
65.5,3.2257,13.2315
65.6,3.30298,13.1929
65.7,3.39353,13.1422
65.8,3.46648,13.0938
65.9,3.55273,13.0337
66,3.63218,12.9764
66.1,3.7149,12.9144
66.2,3.7995,12.8467
66.3,3.87712,12.7709
66.4,3.95303,12.6883
66.5,4.04729,12.6168
66.6,4.12288,12.5448
66.7,4.20597,12.4775
66.8,4.3027,12.4075
66.9,4.39888,12.3519
67,4.4874,12.2882
67.1,4.57605,12.23
67.2,4.66513,12.1787
67.3,4.75055,12.1202
67.4,4.83926,12.0575
67.5,4.92609,11.9948
67.6,5.01195,11.9302
67.7,5.09648,11.8671
67.8,5.18008,11.8063
67.9,5.26275,11.7462
68,5.34853,11.7001
68.1,5.38431,11.6545
68.2,5.45391,11.5932
68.3,5.53116,11.5331
68.4,5.61023,11.464
68.5,5.70207,11.4432
68.6,5.79459,11.4017
68.7,5.88756,11.3496
68.8,5.97643,11.3017
68.9,6.05786,11.2253
69,6.14395,11.114
69.1,6.25565,11.0276
69.2,6.35717,10.9617
69.3,6.46107,10.913
69.4,6.56813,10.8533
69.5,6.64373,10.8076
69.6,6.7312,10.7653
69.7,6.81731,10.7229
69.8,6.91731,10.6778
69.9,7.01034,10.6314
70,7.10331,10.5829
70.1,7.19289,10.5367
70.2,7.28457,10.4921
70.3,7.37468,10.4449
70.4,7.46644,10.4023
70.5,7.56024,10.3595
70.6,7.64643,10.3127
70.7,7.74132,10.2664
70.8,7.83024,10.2166
70.9,7.92141,10.1714
71,8.01027,10.1235
71.1,8.10018,10.081
71.2,8.18476,10.0385
71.3,8.27184,9.99562
71.4,8.36183,9.95166
71.5,8.45482,9.90619
71.6,8.54615,9.86273
71.7,8.64136,9.81436
71.8,8.73987,9.76612
71.9,8.84032,9.71605
72,8.9403,9.66707
72.1,9.04177,9.61827
72.2,9.14669,9.57276
72.3,9.25454,9.52349
72.4,9.36486,9.49109
72.5,9.48329,9.43358
72.6,9.59408,9.39342
72.7,9.7106,9.34057
72.8,9.85298,9.26193
72.9,9.98579,9.21883
73,10.125,9.15268
73.1,10.2506,9.09757
73.2,10.379,9.0312
73.3,10.4979,8.9719
73.4,10.6247,8.90268
73.5,10.7437,8.84887
73.6,10.862,8.80563
73.7,10.9855,8.7452
73.8,11.0973,8.64357
73.9,11.2231,8.58998
74,11.3361,8.55008
74.1,11.4614,8.47592
74.2,11.587,8.39277
74.3,11.7129,8.32227
74.4,11.8334,8.24208
74.5,11.9188,8.19753
74.6,12.0189,8.11928
74.7,12.1238,8.04921
74.8,12.2353,7.97132
74.9,12.3393,7.89346
75,12.4698,7.84954
75.1,12.588,7.85411
75.2,12.6954,7.85873
75.3,12.8167,7.84656
75.4,12.9275,7.8618
75.5,13.048,7.87636
75.6,13.1709,7.85271
75.7,13.2798,7.87707
75.8,13.4104,7.85639
75.9,13.5139,7.87388
76,13.6311,7.86181
76.1,13.7281,7.80405
76.2,13.8224,7.78929
76.3,13.9096,7.76328
76.4,14.0036,7.73661
76.5,14.1003,7.70087
76.6,14.1996,7.66295
76.7,14.2947,7.62563
76.8,14.3893,7.58696
76.9,14.4864,7.54498
77,14.5857,7.50901
77.1,14.6872,7.46741
77.2,14.7887,7.42587
77.3,14.8887,7.38219
77.4,14.9898,7.33991
77.5,15.0896,7.29418
77.6,15.1817,7.24495
77.7,15.2783,7.19604
77.8,15.3448,7.14542
77.9,15.4266,7.10106
78,15.5167,7.03801
78.1,15.6146,6.9753
78.2,15.6976,6.89329
78.3,15.7933,6.81965
78.4,15.8833,6.7483
78.5,15.9641,6.69406
78.6,16.0448,6.58982
78.7,16.1165,6.50289
78.8,16.204,6.41871
78.9,16.2906,6.33491
79,16.3778,6.24481
79.1,16.4624,6.15974
79.2,16.5433,6.06945
79.3,16.6237,5.98306
79.4,16.6961,5.89608
79.5,16.7696,5.81409
79.6,16.8429,5.73341
79.7,16.9165,5.65311
79.8,16.9906,5.57446
79.9,17.064,5.49509
80,17.138,5.41785
80.1,17.2123,5.33938
80.2,17.2856,5.26123
80.3,17.3584,5.18127
80.4,17.4295,5.10572
80.5,17.5044,5.02157
80.6,17.5819,4.94082
80.7,17.6619,4.86007
80.8,17.7456,4.78066
80.9,17.8074,4.65633
81,17.8703,4.57158
81.1,17.941,4.49092
81.2,18.0142,4.4126
81.3,18.0784,4.36104
81.4,18.1552,4.29742
81.5,18.2401,4.23953
81.6,18.3314,4.17634
81.7,18.4288,4.11231
81.8,18.5319,4.04657
81.9,18.6401,3.97865
82,18.7524,3.90842
82.1,18.8678,3.83531
82.2,18.9849,3.75957
82.3,19.103,3.68172
82.4,19.2208,3.60233
82.5,19.3376,3.52227
82.6,19.4532,3.44402
82.7,19.5676,3.36642
82.8,19.6807,3.28955
82.9,19.7924,3.21498
83,19.9024,3.14185
83.1,20.0088,3.07292
83.2,20.115,3.00552
83.3,20.2199,2.93997
83.4,20.3226,2.87541
83.5,20.4231,2.8124
83.6,20.5217,2.75005
83.7,20.618,2.69067
83.8,20.7134,2.63158
83.9,20.8075,2.57321
84,20.9007,2.51581
84.1,20.9934,2.45998
84.2,21.0864,2.40651
84.3,21.1811,2.35697
84.4,21.2747,2.30729
84.5,21.3682,2.25844
84.6,21.4607,2.20832
84.7,21.553,2.15749
84.8,21.6452,2.10444
84.9,21.7339,2.0514
85,21.8233,1.99707
85.1,21.8632,1.93572
85.2,21.9206,1.90118
85.3,21.9819,1.84579
85.4,22.052,1.78894
85.5,22.1273,1.72813
85.6,22.2059,1.66578
85.7,22.2833,1.6003
85.8,22.361,1.53588
85.9,22.4388,1.47198
86,22.5171,1.40833
86.1,22.5931,1.34605
86.2,22.6677,1.28358
86.3,22.7444,1.22289
86.4,22.8196,1.16104
86.5,22.8939,1.09805
86.6,22.9696,1.03633
86.7,23.0257,0.976046
86.8,23.0996,0.910954
86.9,23.1658,0.843823
87,23.2384,0.782132
87.1,23.3099,0.719069
87.2,23.3857,0.658195
87.3,23.4615,0.597733
87.4,23.5379,0.536572
87.5,23.6115,0.476978
87.6,23.6662,0.432151
87.7,23.7382,0.381337
87.8,23.782,0.338793
87.9,23.8534,0.29214
88,23.9056,0.24261
88.1,23.9696,0.187298
88.2,24.0281,0.138444
88.3,24.0901,0.0782425
88.4,24.1587,0.0143573
88.5,24.2338,-0.0534849
88.6,24.3128,-0.125494
88.7,24.369,-0.176286
88.8,24.4392,-0.238183
88.9,24.5073,-0.300481
89,24.5767,-0.361978
89.1,24.5999,-0.404539
89.2,24.6242,-0.468682
89.3,24.6673,-0.527943
89.4,24.7055,-0.59311
89.5,24.7631,-0.641966
89.6,24.8162,-0.702025
89.7,24.8802,-0.761194
89.8,24.924,-0.814629
89.9,24.9739,-0.877495
90,25.0525,-0.933976
90.1,25.135,-1.00728
90.2,25.2112,-1.06916
90.3,25.2831,-1.14061
90.4,25.3515,-1.2171
90.5,25.4182,-1.2859
90.6,25.4692,-1.37727
90.7,25.5693,-1.45921
90.8,25.6461,-1.57307
90.9,25.739,-1.66284
91,25.8518,-1.73928
91.1,25.9536,-1.80531
91.2,26.0113,-1.90925
91.3,26.0793,-1.98802
91.4,26.142,-2.07492
91.5,26.1733,-2.20068
91.6,26.194,-2.28975
91.7,26.2588,-2.39593
91.8,26.3007,-2.48324
91.9,26.3572,-2.56894
92,26.3991,-2.64113
92.1,26.4548,-2.7155
92.2,26.5257,-2.78749
92.3,26.5898,-2.85686
92.4,26.6618,-2.93126
92.5,26.6943,-2.98781
92.6,26.754,-3.02428
92.7,26.8248,-3.06048
92.8,26.8479,-3.11228
92.9,26.9152,-3.13998
93,27.0268,-3.22509
93.1,27.1594,-3.3119
93.2,27.2893,-3.43067
93.3,27.3832,-3.58418
93.4,27.4911,-3.6897
93.5,27.624,-3.75191
93.6,27.7197,-3.78688
93.7,27.8209,-3.81665
93.8,27.8874,-3.88236
93.9,27.9936,-3.97832
94,28.1111,-4.11466
94.1,28.2303,-4.2085
94.2,28.351,-4.28402
94.3,28.4642,-4.36924
94.4,28.5795,-4.45641
94.5,28.6824,-4.54432
94.6,28.7792,-4.63999
94.7,28.8799,-4.72959
94.8,28.9822,-4.81552
94.9,29.0861,-4.90683
95,29.1879,-4.98584
95.1,29.2962,-5.07834
95.2,29.3921,-5.13966
95.3,29.473,-5.22979
95.4,29.5598,-5.30749
95.5,29.6499,-5.38431
95.6,29.7039,-5.49561
95.7,29.7685,-5.56544
95.8,29.8442,-5.63949
95.9,29.9257,-5.70869
96,30.0124,-5.77702
96.1,30.1035,-5.84355
96.2,30.1986,-5.90904
96.3,30.294,-5.9767
96.4,30.3905,-6.04475
96.5,30.4882,-6.11322
96.6,30.5872,-6.18175
96.7,30.6877,-6.25088
96.8,30.7897,-6.32088
96.9,30.8933,-6.39196
97,30.9979,-6.465
97.1,31.1033,-6.54046
97.2,31.2092,-6.61839
97.3,31.3155,-6.69863
97.4,31.4228,-6.78045
97.5,31.5306,-6.86387
97.6,31.639,-6.94879
97.7,31.7481,-7.03478
97.8,31.8577,-7.12198
97.9,31.968,-7.20998
98,32.0791,-7.29806
98.1,32.191,-7.38611
98.2,32.3034,-7.47402
98.3,32.4163,-7.56169
98.4,32.5297,-7.64899
98.5,32.6434,-7.73574
98.6,32.7574,-7.8218
98.7,32.8718,-7.90704
98.8,32.9865,-7.99136
98.9,33.1015,-8.07466
99,33.2169,-8.15689
99.1,33.3327,-8.23796
99.2,33.449,-8.31786
99.3,33.5655,-8.3965
99.4,33.6824,-8.47391
99.5,33.7996,-8.55017
99.6,33.9169,-8.62538
99.7,34.0345,-8.69971
99.8,34.1522,-8.77331
99.9,34.27,-8.84634
100,34.3879,-8.91899
100.1,34.506,-8.99141
100.2,34.6242,-9.06379
100.3,34.7425,-9.13629
100.4,34.8609,-9.20904
100.5,34.9793,-9.28215
100.6,35.0979,-9.35569
100.7,35.2164,-9.42971
100.8,35.3349,-9.50422
100.9,35.4534,-9.5792
101,35.5719,-9.65461
101.1,35.6902,-9.73041
101.2,35.8087,-9.80606
101.3,35.9271,-9.88162
101.4,36.0456,-9.95713
101.5,36.1639,-10.0326
101.6,36.2822,-10.108
101.7,36.4004,-10.1834
101.8,36.5185,-10.2588
101.9,36.6366,-10.3341
102,36.7545,-10.4094
102.1,36.8724,-10.4847
102.2,36.9903,-10.5599
102.3,37.108,-10.6351
102.4,37.2257,-10.7102
102.5,37.3433,-10.7852
102.6,37.4608,-10.8602
102.7,37.5782,-10.9351
102.8,37.6955,-11.0099
102.9,37.8128,-11.0847
103,37.9299,-11.1594
103.1,38.0469,-11.2341
103.2,38.1638,-11.3087
103.3,38.2806,-11.3832
103.4,38.3973,-11.4578
103.5,38.5139,-11.5324
103.6,38.6302,-11.607
103.7,38.7464,-11.6817
103.8,38.8623,-11.7567
103.9,38.9778,-11.8321
104,39.0929,-11.9084
104.1,39.2074,-11.9861
104.2,39.3214,-12.0657
104.3,39.4351,-12.1477
104.4,39.5487,-12.232
104.5,39.6626,-12.3185
104.6,39.7768,-12.4066
104.7,39.8915,-12.4959
104.8,40.0066,-12.5862
104.9,40.1221,-12.6773
105,40.2379,-12.769
105.1,40.3539,-12.8611
105.2,40.47,-12.9535
105.3,40.5863,-13.0462
105.4,40.7028,-13.1392
105.5,40.8188,-13.2307
105.6,40.9347,-13.3215
105.7,41.0505,-13.4119
105.8,41.1663,-13.5023
105.9,41.2824,-13.5927
106,41.3989,-13.6831
106.1,41.5158,-13.7736
106.2,41.6332,-13.8641
106.3,41.7511,-13.9542
106.4,41.8696,-14.044
106.5,41.9885,-14.1332
106.6,42.1079,-14.2217
106.7,42.227,-14.3079
106.8,42.3459,-14.392
106.9,42.4648,-14.4744
107,42.5836,-14.5553
107.1,42.7022,-14.6348
107.2,42.8208,-14.7129
107.3,42.9392,-14.7897
107.4,43.0574,-14.8653
107.5,43.1754,-14.9399
107.6,43.293,-15.0134
107.7,43.4104,-15.086
107.8,43.5275,-15.1578
107.9,43.6443,-15.2288
108,43.7609,-15.2993
108.1,43.8773,-15.3692
108.2,43.9935,-15.4386
108.3,44.1096,-15.5077
108.4,44.2256,-15.5764
108.5,44.3416,-15.6449
108.6,44.4576,-15.7132
108.7,44.5735,-15.7813
108.8,44.6895,-15.8493
108.9,44.8055,-15.9171
109,44.9215,-15.9849
109.1,45.0375,-16.0525
109.2,45.1536,-16.1201
109.3,45.2697,-16.1877
109.4,45.3858,-16.2552
109.5,45.502,-16.3226
109.6,45.6182,-16.39
109.7,45.7345,-16.4574
109.8,45.8508,-16.5247
109.9,45.9671,-16.592
110,46.0835,-16.6593
110.1,46.2,-16.7265
110.2,46.3165,-16.7937
110.3,46.433,-16.8609
110.4,46.5496,-16.9281
110.5,46.6663,-16.9952
110.6,46.783,-17.0623
110.7,46.8997,-17.1294
110.8,47.0165,-17.1964
110.9,47.1333,-17.2634
111,47.2501,-17.3304
111.1,47.367,-17.3974
111.2,47.484,-17.4644
111.3,47.601,-17.5313
111.4,47.718,-17.5982
111.5,47.8351,-17.6651
111.6,47.9522,-17.732
111.7,48.0693,-17.7988
111.8,48.1865,-17.8656
111.9,48.3038,-17.9324
112,48.4211,-17.9992
112.1,48.5384,-18.066
112.2,48.6558,-18.1328
112.3,48.7732,-18.1996
112.4,48.8907,-18.2663
112.5,49.0081,-18.3331
112.6,49.1257,-18.3998
112.7,49.2433,-18.4665
112.8,49.3609,-18.5333
112.9,49.4785,-18.6
113,49.5962,-18.6667
113.1,49.714,-18.7334
113.2,49.8317,-18.8001
113.3,49.9495,-18.8668
113.4,50.0673,-18.9335
113.5,50.1852,-19.0002
113.6,50.3031,-19.0669
113.7,50.421,-19.1336
113.8,50.539,-19.2002
113.9,50.657,-19.2669
114,50.775,-19.3336
114.1,50.8931,-19.4003
114.2,51.0111,-19.467
114.3,51.1292,-19.5337
114.4,51.2474,-19.6004
114.5,51.3655,-19.6671
114.6,51.4837,-19.7338
114.7,51.6019,-19.8005
114.8,51.7201,-19.8672
114.9,51.8384,-19.934
115,51.9567,-20.0007
115.1,52.075,-20.0674
115.2,52.1933,-20.1341
115.3,52.3116,-20.2009
115.4,52.43,-20.2676
115.5,52.5484,-20.3344
115.6,52.6668,-20.4011
115.7,52.7852,-20.4679
115.8,52.9037,-20.5347
115.9,53.0221,-20.6015
116,53.1406,-20.6682
116.1,53.2591,-20.735
116.2,53.3776,-20.8019
116.3,53.4961,-20.8687
116.4,53.6147,-20.9355
116.5,53.7333,-21.0023
116.6,53.8518,-21.0692
116.7,53.9704,-21.136
116.8,54.089,-21.2029
116.9,54.2077,-21.2698
117,54.3263,-21.3367
117.1,54.445,-21.4036
117.2,54.5636,-21.4705
117.3,54.6823,-21.5374
117.4,54.801,-21.6043
117.5,54.9197,-21.6713
117.6,55.0384,-21.7382
117.7,55.1571,-21.8052
117.8,55.2758,-21.8722
117.9,55.3946,-21.9392
118,55.5133,-22.0062
118.1,55.6321,-22.0732
118.2,55.7509,-22.1402
118.3,55.8696,-22.2073
118.4,55.9884,-22.2743
118.5,56.1072,-22.3414
118.6,56.226,-22.4085
118.7,56.3448,-22.4755
118.8,56.4636,-22.5426
118.9,56.5825,-22.6098
119,56.7013,-22.6769
119.1,56.8201,-22.744
119.2,56.939,-22.8112
119.3,57.0578,-22.8784
119.4,57.1766,-22.9455
119.5,57.2955,-23.0127
119.6,57.4143,-23.0799
119.7,57.5332,-23.1471
119.8,57.6521,-23.2144
119.9,57.7709,-23.2816
120,57.8898,-23.3489
120.1,58.0087,-23.4161
120.2,58.1275,-23.4834
120.3,58.2464,-23.5507
120.4,58.3653,-23.618
120.5,58.4842,-23.6853
120.6,58.603,-23.7526
120.7,58.7219,-23.82
120.8,58.8408,-23.8873
120.9,58.9597,-23.9547
121,59.0784,-24.0225
121.1,59.1972,-24.0902
121.2,59.3158,-24.1582
121.3,59.4345,-24.2261
121.4,59.5531,-24.2943
121.5,59.6718,-24.3623
121.6,59.7904,-24.4306
121.7,59.9088,-24.4992
121.8,60.0273,-24.5678
121.9,60.1457,-24.6366
122,60.264,-24.7055
122.1,60.3823,-24.7744
122.2,60.5007,-24.8434
122.3,60.619,-24.9124
122.4,60.7373,-24.9814
122.5,60.8556,-25.0505
122.6,60.9738,-25.1195
122.7,61.0921,-25.1885
122.8,61.2104,-25.2576
122.9,61.3287,-25.3266
123,61.447,-25.3956
123.1,61.5653,-25.4646
123.2,61.6836,-25.5336
123.3,61.8019,-25.6026
123.4,61.9201,-25.6716
123.5,62.0384,-25.7405
123.6,62.1567,-25.8095
123.7,62.275,-25.8784
123.8,62.3933,-25.9474
123.9,62.5116,-26.0163
124,62.6299,-26.0852
124.1,62.7481,-26.1541
124.2,62.8664,-26.223
124.3,62.9847,-26.2919
124.4,63.103,-26.3608
124.5,63.2212,-26.4296
124.6,63.3395,-26.4985
124.7,63.4577,-26.5673
124.8,63.576,-26.6362
124.9,63.6942,-26.705
125,63.8125,-26.7738
125.1,63.9307,-26.8426
125.2,64.0489,-26.9114
125.3,64.1672,-26.9802
125.4,64.2854,-27.049
125.5,64.4036,-27.1178
125.6,64.5218,-27.1866
125.7,64.64,-27.2553
125.8,64.7581,-27.3241
125.9,64.8763,-27.3929
126,64.9944,-27.4616
126.1,65.1126,-27.5304
126.2,65.2307,-27.5991
126.3,65.3489,-27.6679
126.4,65.467,-27.7366
126.5,65.5851,-27.8054
126.6,65.7032,-27.8741
126.7,65.8213,-27.9428
126.8,65.9394,-28.0116
126.9,66.0574,-28.0803
127,66.1754,-28.149
127.1,66.2935,-28.2177
127.2,66.4115,-28.2864
127.3,66.5294,-28.3552
127.4,66.6474,-28.4239
127.5,66.7654,-28.4926
127.6,66.8833,-28.5613
127.7,67.0012,-28.63
127.8,67.1191,-28.6986
127.9,67.2369,-28.7673
128,67.3548,-28.836
128.1,67.4726,-28.9047
128.2,67.5903,-28.9734
128.3,67.7081,-29.0421
128.4,67.8258,-29.1109
128.5,67.9435,-29.1796
128.6,68.0612,-29.2483
128.7,68.1789,-29.317
128.8,68.2965,-29.3857
128.9,68.414,-29.4545
129,68.5316,-29.5232
129.1,68.6491,-29.592
129.2,68.7666,-29.6607
129.3,68.884,-29.7295
129.4,69.0014,-29.7983
129.5,69.1188,-29.8671
129.6,69.2361,-29.9359
129.7,69.3534,-30.0048
129.8,69.4706,-30.0736
129.9,69.5878,-30.1425
130,69.7049,-30.2114
130.1,69.822,-30.2804
130.2,69.939,-30.3493
130.3,70.056,-30.4183
130.4,70.173,-30.4873
130.5,70.2898,-30.5563
130.6,70.4067,-30.6254
130.7,70.5234,-30.6945
130.8,70.6401,-30.7636
130.9,70.7568,-30.8328
131,70.8734,-30.902
131.1,70.9899,-30.9712
131.2,71.1063,-31.0405
131.3,71.2227,-31.1098
131.4,71.339,-31.1792
131.5,71.4552,-31.2486
131.6,71.5714,-31.318
131.7,71.6875,-31.3875
131.8,71.8035,-31.457
131.9,71.9194,-31.5266
132,72.0352,-31.5962
132.1,72.151,-31.6659
132.2,72.2667,-31.7356
132.3,72.3823,-31.8054
132.4,72.4977,-31.8752
132.5,72.6132,-31.945
132.6,72.7285,-32.0149
132.7,72.8437,-32.0848
132.8,72.9588,-32.1548
132.9,73.0739,-32.2248
133,73.1888,-32.2949
133.1,73.3036,-32.3649
133.2,73.4184,-32.4351
133.3,73.533,-32.5052
133.4,73.6475,-32.5754
133.5,73.7619,-32.6456
133.6,73.8763,-32.7158
133.7,73.9905,-32.7861
133.8,74.1046,-32.8564
133.9,74.2186,-32.9267
134,74.3325,-32.997
134.1,74.4462,-33.0674
134.2,74.5599,-33.1377
134.3,74.6734,-33.2081
134.4,74.7869,-33.2786
134.5,74.9002,-33.349
134.6,75.0134,-33.4195
134.7,75.1264,-33.49
134.8,75.2394,-33.5605
134.9,75.3522,-33.631
135,75.4649,-33.7016
135.1,75.5774,-33.7721
135.2,75.6899,-33.8427
135.3,75.8021,-33.9133
135.4,75.9143,-33.9839
135.5,76.0263,-34.0544
135.6,76.1382,-34.125
135.7,76.2499,-34.1956
135.8,76.3615,-34.2661
135.9,76.473,-34.3367
136,76.5843,-34.4073
136.1,76.6954,-34.4779
136.2,76.8064,-34.5485
136.3,76.9173,-34.6191
136.4,77.028,-34.6897
136.5,77.1385,-34.7603
136.6,77.2489,-34.8309
136.7,77.3591,-34.9016
136.8,77.4701,-34.9698
136.9,77.5805,-35.0396
137,77.6916,-35.1074
137.1,77.802,-35.177
137.2,77.913,-35.2447
137.3,78.0243,-35.3115
137.4,78.1358,-35.3779
137.5,78.2476,-35.4442
137.6,78.3594,-35.5103
137.7,78.4714,-35.5765
137.8,78.5834,-35.6427
137.9,78.6955,-35.7089
138,78.8077,-35.7752
138.1,78.9199,-35.8416
138.2,79.0322,-35.9081
138.3,79.1445,-35.9746
138.4,79.2569,-36.0412
138.5,79.3694,-36.1078
138.6,79.4819,-36.1744
138.7,79.5945,-36.241
138.8,79.7071,-36.3077
138.9,79.8197,-36.3743
139,79.9322,-36.4408
139.1,80.0445,-36.5073
139.2,80.1567,-36.5737
139.3,80.2687,-36.64
139.4,80.3807,-36.7062
139.5,80.4926,-36.7724
139.6,80.6043,-36.8385
139.7,80.7159,-36.9045
139.8,80.8273,-36.9704
139.9,80.9385,-37.0363
140,81.0494,-37.1022
140.1,81.16,-37.168
140.2,81.2702,-37.2337
140.3,81.3801,-37.2994
140.4,81.4896,-37.3641
140.5,81.5988,-37.4283
140.6,81.7076,-37.4922
140.7,81.8159,-37.5559
140.8,81.9236,-37.6195
140.9,82.0307,-37.683
141,82.1372,-37.7463
141.1,82.2429,-37.8096
141.2,82.3477,-37.8727
141.3,82.4514,-37.9358
141.4,82.5539,-37.9989
141.5,82.6553,-38.0621
141.6,82.7554,-38.1255
141.7,82.8469,-38.1904
141.8,82.9421,-38.2535
141.9,83.0405,-38.317
142,83.1395,-38.3797
142.1,83.2376,-38.4419
142.2,83.3342,-38.5039
142.3,83.4286,-38.5657
142.4,83.5204,-38.6268
142.5,83.6102,-38.6879
142.6,83.6969,-38.7492
142.7,83.773,-38.8058
142.8,83.8549,-38.866
142.9,83.9391,-38.9273
143,84.0214,-38.9875
143.1,84.105,-39.0268
143.2,84.1803,-39.0625
143.3,84.2569,-39.1044
143.4,84.3324,-39.1499
143.5,84.4068,-39.1959
143.6,84.4827,-39.2459
143.7,84.5575,-39.2979
143.8,84.6181,-39.3251
143.9,84.674,-39.3591
144,84.7398,-39.3995
144.1,84.7901,-39.4361
144.2,84.8562,-39.4788
144.3,84.919,-39.5255
144.4,84.9842,-39.5647
144.5,85.05,-39.6117
144.6,85.1114,-39.6639
144.7,85.1632,-39.6736
144.8,85.2129,-39.7127
144.9,85.2708,-39.7534
145,85.3388,-39.8012
145.1,85.4245,-39.8674
145.2,85.5025,-39.9081
145.3,85.5322,-39.9619
145.4,85.5826,-39.9837
145.5,85.6471,-40.0149
145.6,85.715,-40.0492
145.7,85.7924,-40.0914
145.8,85.862,-40.1036
145.9,85.9234,-40.142
146,85.9708,-40.1323
146.1,86.0446,-40.1396
146.2,86.102,-40.1473
146.3,86.1879,-40.1616
146.4,86.3083,-40.2122
146.5,86.4299,-40.2885
146.6,86.5044,-40.3479
146.7,86.593,-40.401
146.8,86.6812,-40.4632
146.9,86.7571,-40.543
147,86.823,-40.6075
147.1,86.9253,-40.6716
147.2,86.978,-40.7417
147.3,87.0128,-40.7759
147.4,87.0033,-40.8335
147.5,87.0443,-40.8994
147.6,87.076,-40.947
147.7,87.1296,-40.9778
147.8,87.2322,-41.0189
147.9,87.3157,-41.0137
148,87.3855,-41.0013
148.1,87.4779,-41.0448
148.2,87.5941,-41.0939
148.3,87.6646,-41.1631
148.4,87.7463,-41.1836
148.5,87.7865,-41.2032
148.6,87.8113,-41.2346
148.7,87.8635,-41.2748
148.8,87.9455,-41.2912
148.9,88.068,-41.3836
149,88.2124,-41.4285
149.1,88.3465,-41.4942
149.2,88.4701,-41.4991
149.3,88.5439,-41.5739
149.4,88.5627,-41.6537
149.5,88.586,-41.7127
149.6,88.6265,-41.7248
149.7,88.6075,-41.7887
149.8,88.6014,-41.8627
149.9,88.5765,-41.8888
150,88.6055,-41.8601
150.1,88.6728,-41.8348
150.2,88.6704,-41.8741
150.3,88.6552,-41.8828
150.4,88.6642,-41.909
150.5,88.6901,-41.8968
150.6,88.669,-41.9014
150.7,88.6928,-41.8841
150.8,88.7226,-41.9428
150.9,88.7726,-41.9866
151,88.8514,-41.9918
151.1,88.9057,-42.087
151.2,88.8849,-42.1321
151.3,88.8899,-42.1685
151.4,88.927,-42.1874
151.5,88.9546,-42.233
151.6,88.9872,-42.2602
151.7,88.9895,-42.2577
151.8,89.0456,-42.2763
151.9,89.1523,-42.3156
152,89.2603,-42.3016
152.1,89.3271,-42.297
152.2,89.4141,-42.3381
152.3,89.5099,-42.3392
152.4,89.6155,-42.374
152.5,89.7027,-42.4553
152.6,89.8006,-42.4939
152.7,89.823,-42.512
152.8,89.7874,-42.4502
152.9,89.787,-42.4169
153,89.7491,-42.4431
153.1,89.6768,-42.4692
153.2,89.674,-42.4422
153.3,89.7452,-42.416
153.4,89.8485,-42.4077
153.5,89.9021,-42.4057
153.6,89.9077,-42.3912
153.7,89.8974,-42.424
153.8,89.8586,-42.4378
153.9,89.7925,-42.4313
154,89.7473,-42.3658
154.1,89.6845,-42.3999
154.2,89.6441,-42.4343
154.3,89.6624,-42.5029
154.4,89.6817,-42.5664
154.5,89.7012,-42.6059
154.6,89.6928,-42.6712
154.7,89.7823,-42.7137
154.8,89.8826,-42.7915
154.9,89.9357,-42.8401
155,89.9789,-42.9052
155.1,89.9798,-42.9607
155.2,89.9804,-43.0572
155.3,89.9505,-43.114
155.4,90.016,-43.2099
155.5,89.976,-43.2584
155.6,89.9648,-43.3234
155.7,89.9809,-43.382
155.8,89.9825,-43.4569
155.9,89.9704,-43.4841
156,90.005,-43.4935
156.1,90.0629,-43.5252
156.2,90.1262,-43.5545
156.3,90.2055,-43.5521
156.4,90.2721,-43.653
156.5,90.2518,-43.7523
156.6,90.1989,-43.773
156.7,90.1613,-43.692
156.8,90.162,-43.7341
156.9,90.1081,-43.8332
157,90.0443,-43.9399
157.1,90.1004,-44.1012
157.2,90.0888,-44.2562
157.3,89.9892,-44.3568
157.4,89.9567,-44.3715
157.5,89.9342,-44.3823
157.6,89.8808,-44.3378
157.7,89.8697,-44.2666
157.8,89.9071,-44.2492
157.9,89.9698,-44.1919
158,89.9629,-44.105
158.1,89.9979,-44.0386
158.2,90.0073,-44.0037
158.3,90.0352,-43.9532
158.4,90.1142,-44.0083
158.5,90.201,-44.1005
158.6,90.2404,-44.2083
158.7,90.3165,-44.35
158.8,90.3685,-44.5223
158.9,90.392,-44.6592
159,90.3734,-44.8194
159.1,90.3781,-44.9183
159.2,90.3406,-44.9299
159.3,90.3546,-44.9887
159.4,90.3973,-45.044
159.5,90.436,-45.0547
159.6,90.4728,-45.0228
159.7,90.4944,-45.0026
159.8,90.5245,-45.0056
159.9,90.5095,-45.0102
160,90.4801,-45.0132
160.1,90.4346,-45.0636
160.2,90.427,-45.2129
160.3,90.5204,-45.3041
160.4,90.525,-45.333
160.5,90.5512,-45.2845
160.6,90.5605,-45.3
160.7,90.588,-45.3117
160.8,90.6102,-45.289
160.9,90.6571,-45.3274
161,90.6921,-45.4908
161.1,90.7159,-45.5924
161.2,90.7629,-45.6416
161.3,90.8449,-45.617
161.4,90.9623,-45.5662
161.5,91.1423,-45.4909
161.6,91.3059,-45.4968
161.7,91.4323,-45.528
161.8,91.511,-45.5514
161.9,91.5414,-45.6327
162,91.6775,-45.6311
162.1,91.8231,-45.7063
162.2,91.8954,-45.6106
162.3,92.0386,-45.5372
162.4,92.1995,-45.4999
162.5,92.3618,-45.5547
162.6,92.3987,-45.5986
162.7,92.3705,-45.6993
162.8,92.3039,-45.8526
162.9,92.2447,-45.9982
163,92.1653,-46.0414
163.1,92.2562,-46.1292
163.2,92.3027,-46.1738
163.3,92.3142,-46.242
163.4,92.3669,-46.2818
163.5,92.2833,-46.2966
163.6,92.1964,-46.2881
163.7,92.1059,-46.3143
163.8,91.9918,-46.3444
163.9,91.9558,-46.4129
164,92.0115,-46.5732
164.1,91.9212,-46.7207
164.2,91.9136,-46.8692
164.3,91.9493,-46.9972
164.4,91.99,-47.006
164.5,92.1203,-46.9706
164.6,92.2119,-46.9895
164.7,92.1977,-47.0051
164.8,92.202,-47.0122
164.9,92.1737,-47.0117
165,92.1034,-47.0384
165.1,92.0721,-47.0852
165.2,91.953,-47.1573
165.3,91.8627,-47.3653
165.4,91.7948,-47.461
165.5,91.8023,-47.5446
165.6,91.7671,-47.5962
165.7,91.7442,-47.5757
165.8,91.8193,-47.5946
165.9,91.8794,-47.6275
166,91.9257,-47.6562
166.1,91.9487,-47.6767
166.2,91.9389,-47.7552
166.3,91.9219,-47.7876
166.4,91.9658,-47.763
166.5,92.0532,-47.6903
166.6,92.2512,-47.6444
166.7,92.3856,-47.5469
166.8,92.4813,-47.6184
166.9,92.5428,-47.6715
167,92.6591,-47.6629
167.1,92.7626,-47.6382
167.2,92.9122,-47.6169
167.3,93.0325,-47.5517
167.4,93.0766,-47.5198
167.5,93.1006,-47.4179
167.6,93.1525,-47.3838
167.7,93.1864,-47.3297
167.8,93.1776,-47.185
167.9,93.1313,-47.1231
168,93.1468,-47.0964
168.1,93.1986,-47.0378
168.2,93.2227,-46.9325
168.3,93.2635,-46.8849
168.4,93.3279,-46.9901
168.5,93.3711,-47.06
168.6,93.4831,-47.0809
168.7,93.5227,-47.0829
168.8,93.5741,-47.1383
168.9,93.5309,-47.275
169,93.6149,-47.4233
169.1,93.6322,-47.5918
169.2,93.6648,-47.7052
169.3,93.7268,-47.7476
169.4,93.8109,-47.8496
169.5,93.8291,-47.9796
169.6,93.8005,-48.0253
169.7,93.7324,-48.0846
169.8,93.697,-48.1388
169.9,93.6354,-48.2637
170,93.7173,-48.3738
170.1,93.8642,-48.454
170.2,93.8999,-48.5706
170.3,93.8561,-48.5958
170.4,93.8582,-48.6011
170.5,93.8636,-48.6412
170.6,93.9107,-48.6214
170.7,93.9344,-48.6497
170.8,93.9818,-48.6671
170.9,93.9648,-48.6809
171,93.9229,-48.7595
171.1,94.002,-48.8775
171.2,93.999,-48.9438
171.3,93.9142,-48.8867
171.4,93.8078,-48.9212
171.5,93.7218,-49.0067
171.6,93.6795,-49.0133
171.7,93.7049,-49.0311
171.8,93.7467,-49.0928
171.9,93.7038,-49.1237
172,93.7011,-49.1926
172.1,93.7714,-49.1367
172.2,93.9087,-49.1177
172.3,94.0317,-49.068
172.4,94.0827,-48.9793
172.5,94.1307,-49.0159
172.6,94.1455,-49.0789
172.7,94.2016,-49.049
172.8,94.2866,-48.9975
172.9,94.403,-49.0757
173,94.4275,-49.2257
173.1,94.486,-49.2771
173.2,94.5063,-49.3145
173.3,94.4805,-49.3925
173.4,94.4819,-49.4144
173.5,94.5583,-49.3972
173.6,94.4596,-49.3119
173.7,94.3438,-49.2587
173.8,94.4275,-49.2187
173.9,94.4283,-49.221
174,94.4636,-49.1578
174.1,94.4621,-49.2826
174.2,94.4233,-49.377
174.3,94.4853,-49.2997
174.4,94.4637,-49.215
174.5,94.4716,-49.2098
174.6,94.5691,-49.3528
174.7,94.4935,-49.4259
174.8,94.4304,-49.4226
174.9,94.3414,-49.4346
175,94.3666,-49.4471
175.1,94.3418,-49.4602
175.2,94.3571,-49.5006
175.3,94.2858,-49.4951
175.4,94.073,-49.4692
175.5,94.0439,-49.4395
175.6,94.0822,-49.4856
175.7,94.1371,-49.4678
175.8,94.1457,-49.4795
175.9,94.1931,-49.5318
176,94.3081,-49.637
176.1,94.3452,-49.7995
176.2,94.2671,-49.9324
176.3,94.1469,-50.0017
176.4,93.9804,-50.0705
176.5,93.9073,-50.1681
176.6,93.9254,-50.2251
176.7,93.8459,-50.2717
176.8,93.8592,-50.1863
176.9,93.8712,-50.0688
177,93.8711,-49.9749
177.1,93.9787,-49.9907
177.2,94.0313,-50.0339
177.3,94.0895,-50.0229
177.4,94.1686,-50.0318
177.5,94.3196,-50.1044
177.6,94.2861,-50.1107
177.7,94.234,-50.0721
177.8,94.2369,-50.0533
177.9,94.3076,-50.0753
178,94.3922,-49.9578
178.1,94.441,-49.9967
178.2,94.4427,-50.0595
178.3,94.4044,-50.063
178.4,94.4117,-50.0796
178.5,94.5369,-50.0094
178.6,94.6686,-50.0383
178.7,94.8093,-50.0916
178.8,94.9777,-50.0696
178.9,95.0738,-50.09
179,95.0408,-49.9957
179.1,94.9969,-49.9474
179.2,95.034,-49.9987
179.3,95.1304,-50.051
179.4,95.0275,-50.093
179.5,94.9561,-50.1365
179.6,94.8529,-50.1979
179.7,94.7258,-50.2852
179.8,94.7645,-50.3488
179.9,94.9436,-50.3368
180,95.1,-50.3668
180.1,95.1859,-50.3357
180.2,95.0838,-50.2673
180.3,95.122,-50.1405
180.4,95.0486,-50.0257
180.5,95.0102,-50.0908
180.6,95.0368,-49.9912
180.7,95.0722,-49.8871
180.8,95.0204,-49.8593
180.9,94.941,-49.9425
181,94.9635,-50.0178
181.1,95.1522,-49.964
181.2,95.1991,-50.0679
181.3,95.0951,-50.1213
181.4,94.9606,-50.0467
181.5,94.8881,-49.9796
181.6,94.9745,-49.9714
181.7,95.0411,-49.9693
181.8,95.0768,-49.9602
181.9,95.0204,-49.9395
182,94.9993,-49.8718
182.1,95.0185,-49.8299
182.2,95.0137,-49.8496
182.3,95.0345,-49.747
182.4,95.0629,-49.6113
182.5,95.1922,-49.4928
182.6,95.2502,-49.443
182.7,95.1674,-49.3917
182.8,95.0725,-49.3731
182.9,95.1375,-49.324
183,95.1956,-49.2328
183.1,95.0702,-49.1715
183.2,94.9642,-49.0766
183.3,94.9562,-49.0882
183.4,94.9762,-49.1881
183.5,94.9271,-49.1777
183.6,94.8566,-48.9999
183.7,94.88,-49.0087
183.8,94.9271,-49.0795
183.9,94.9114,-49.0601
184,94.9071,-49.2091
184.1,94.9394,-49.3156
184.2,95.0006,-49.3257
184.3,95.1005,-49.2784
184.4,95.0874,-49.264
184.5,95.0111,-49.2988
184.6,94.9417,-49.3616
184.7,94.9734,-49.3956
184.8,94.8771,-49.4092
184.9,94.7869,-49.3245
185,94.7034,-49.2957
185.1,94.7691,-49.3502
185.2,94.8019,-49.4816
185.3,94.7878,-49.5163
185.4,94.7675,-49.4561
185.5,94.729,-49.4658
185.6,94.8077,-49.4773
185.7,94.9026,-49.4455
185.8,94.9509,-49.4146
185.9,94.8865,-49.3248
186,94.8302,-49.3487
186.1,94.8339,-49.4706
186.2,94.765,-49.6099
186.3,94.6383,-49.5502
186.4,94.5458,-49.5694
186.5,94.4822,-49.6075
186.6,94.484,-49.6838
186.7,94.505,-49.7528
186.8,94.5401,-49.7491
186.9,94.5211,-49.7552
187,94.5742,-49.825
187.1,94.6021,-49.8552
187.2,94.698,-49.7976
187.3,94.6984,-49.7121
187.4,94.5421,-49.6346
187.5,94.4499,-49.5754
187.6,94.4874,-49.4561
187.7,94.5686,-49.4054
187.8,94.5708,-49.5229
187.9,94.5271,-49.5354
188,94.5631,-49.5518
188.1,94.5883,-49.5682
188.2,94.6557,-49.5571
188.3,94.6105,-49.6885
188.4,94.5837,-49.7841
188.5,94.596,-49.7906
188.6,94.6729,-49.7319
188.7,94.7287,-49.6543
188.8,94.6941,-49.7199
188.9,94.692,-49.7853
189,94.6172,-49.7125
189.1,94.4247,-49.6046
189.2,94.3097,-49.5144
189.3,94.2377,-49.4303
189.4,94.2138,-49.3447
189.5,94.1537,-49.337
189.6,94.2028,-49.1778
189.7,94.2252,-49.0609
189.8,94.2976,-48.9412
189.9,94.5013,-48.9019
190,94.6236,-48.9122
190.1,94.6559,-48.9695
190.2,94.6274,-49.0177
190.3,94.6538,-49.0554
190.4,94.8668,-49.0619
190.5,94.9832,-49.133
190.6,94.9448,-49.1693
190.7,95.0425,-49.167
190.8,95.2242,-49.1657
190.9,95.2532,-49.2456
191,95.3616,-49.2153
191.1,95.4607,-49.1533
191.2,95.4829,-49.2026
191.3,95.4437,-49.3077
191.4,95.4936,-49.37
191.5,95.6487,-49.363
191.6,95.662,-49.2791
191.7,95.6017,-49.1658
191.8,95.5592,-49.2631
191.9,95.4379,-49.2696
192,95.3817,-49.2049
192.1,95.3657,-49.1788
192.2,95.4315,-49.304
192.3,95.4701,-49.3392
192.4,95.4325,-49.4594
192.5,95.4028,-49.5656
192.6,95.3639,-49.5799
192.7,95.3466,-49.5528
192.8,95.363,-49.5482
192.9,95.4886,-49.6566
193,95.4927,-49.7826
193.1,95.4084,-49.8881
193.2,95.5235,-49.932
193.3,95.5567,-49.9003
193.4,95.4054,-49.8593
193.5,95.3431,-49.8032
193.6,95.3538,-49.8143
193.7,95.3194,-49.7733
193.8,95.35,-49.7374
193.9,95.2626,-49.7255
194,95.1832,-49.7675
194.1,95.1425,-49.8332
194.2,95.0522,-49.8514
194.3,95.0862,-49.8655
194.4,95.0394,-49.9912
194.5,94.9793,-50.0955
194.6,95.0094,-50.1034
194.7,94.977,-50.0317
194.8,94.9118,-49.9389
194.9,94.8705,-49.8652
195,94.8259,-49.9098
195.1,94.8197,-49.8925
195.2,94.8956,-49.9698
195.3,94.8526,-49.9562
195.4,94.7582,-49.9219
195.5,94.678,-49.9221
195.6,94.5527,-49.8992
195.7,94.4259,-49.7764
195.8,94.3426,-49.7205
195.9,94.3219,-49.8396
196,94.3427,-49.9761
196.1,94.3958,-50.1228
196.2,94.4122,-50.2333
196.3,94.3858,-50.2373
196.4,94.3182,-50.1572
196.5,94.268,-50.1725
196.6,94.2871,-50.2233
196.7,94.3619,-50.1199
196.8,94.5163,-50.0086
196.9,94.5696,-49.9884
197,94.5179,-49.9821
197.1,94.5754,-50.111
197.2,94.5458,-50.1653
197.3,94.5052,-50.135
197.4,94.5388,-50.2864
197.5,94.5092,-50.5047
197.6,94.4772,-50.6045
197.7,94.4861,-50.6317
197.8,94.5184,-50.6316
197.9,94.5512,-50.7342
198,94.5527,-50.8773
198.1,94.494,-50.9519
198.2,94.4785,-50.9004
198.3,94.3824,-50.9313
198.4,94.2725,-50.9165
198.5,94.0828,-50.9535
198.6,93.9348,-50.9548
198.7,93.8643,-51.0317
198.8,93.8932,-51.061
198.9,94.0113,-50.9412
199,94.0892,-50.8676
199.1,94.0911,-50.8353
199.2,94.0623,-50.8323
199.3,94.0755,-50.7858
199.4,94.0487,-50.6997
199.5,94.0076,-50.7147
199.6,93.9869,-50.7127
199.7,94.024,-50.6302
199.8,94.1108,-50.5202
199.9,94.2113,-50.4528
200,94.1527,-50.369
200.1,94.1014,-50.3501
200.2,94.1454,-50.4195
200.3,94.2145,-50.4223
200.4,94.2904,-50.3389
200.5,94.3878,-50.2237
200.6,94.4586,-50.2415
200.7,94.479,-50.2076
200.8,94.559,-50.1136
200.9,94.6668,-50.0449
201,94.6642,-50.0429
201.1,94.54,-50.0601
201.2,94.6123,-50.0116
201.3,94.7549,-50.0026
201.4,94.8858,-49.886
201.5,95.0688,-49.8113
201.6,95.1013,-49.7848
201.7,95.0364,-49.7816
201.8,95.0636,-49.7431
201.9,95.1499,-49.733
202,95.2046,-49.6944
202.1,95.2448,-49.7108
202.2,95.2433,-49.6849
202.3,95.2711,-49.8136
202.4,95.1867,-49.8681
202.5,95.2579,-49.8749
202.6,95.3789,-49.7505
202.7,95.3966,-49.6509
202.8,95.3559,-49.6487
202.9,95.4383,-49.6265
203,95.5412,-49.6416
203.1,95.5674,-49.5696
203.2,95.6023,-49.5339
203.3,95.6094,-49.5659
203.4,95.607,-49.6166
203.5,95.6475,-49.6617
203.6,95.7193,-49.6985
203.7,95.8242,-49.7133
203.8,95.8939,-49.7769
203.9,95.8602,-49.9026
204,95.869,-50.0624
204.1,95.9309,-50.1017
204.2,95.9588,-50.0604
204.3,95.9822,-50.0899
204.4,96.0213,-50.1448
204.5,96.0587,-50.2377
204.6,96.0356,-50.2638
204.7,96.0474,-50.1503
204.8,96.0991,-49.991
204.9,96.0754,-49.8563
205,95.9383,-49.7926
205.1,95.837,-49.6933
205.2,95.8543,-49.6553
205.3,95.8516,-49.597
205.4,95.7658,-49.5182
205.5,95.7484,-49.5193
205.6,95.7038,-49.4943
205.7,95.6874,-49.4523
205.8,95.7074,-49.5036
205.9,95.7381,-49.5055
206,95.7495,-49.5804
206.1,95.8064,-49.6302
206.2,95.8548,-49.6023
206.3,95.8981,-49.5401
206.4,95.9012,-49.5511
206.5,95.9036,-49.6256
206.6,95.8022,-49.6211
206.7,95.6942,-49.5675
206.8,95.6824,-49.534
206.9,95.751,-49.5414
207,95.7005,-49.474
207.1,95.7265,-49.3591
207.2,95.9123,-49.3435
207.3,96.0811,-49.333
207.4,96.3248,-49.3285
207.5,96.4953,-49.2296
207.6,96.5152,-49.1613
207.7,96.6445,-49.1231
207.8,96.7002,-49.1306
207.9,96.6784,-49.0654
208,96.7925,-48.9342
208.1,97.0449,-48.8482
208.2,97.1214,-48.8623
208.3,97.0578,-48.8983
208.4,97.0358,-48.8838
208.5,97.1452,-48.9787
208.6,97.3066,-49.1339
208.7,97.3741,-49.332
208.8,97.3944,-49.3788
208.9,97.4241,-49.3279
209,97.5179,-49.397
209.1,97.677,-49.4887
209.2,97.8574,-49.547
209.3,97.8895,-49.4445
209.4,97.9168,-49.2406
209.5,97.8696,-49.1133
209.6,97.8847,-49.0322
209.7,97.8427,-48.9188
209.8,97.7672,-48.92
209.9,97.7988,-49.0763
210,97.784,-49.1453
210.1,97.7474,-49.1925
210.2,97.6459,-49.2127
210.3,97.7244,-49.1737
210.4,97.7349,-49.3139
210.5,97.5647,-49.4195
210.6,97.4726,-49.4648
210.7,97.5283,-49.472
210.8,97.5698,-49.4732
210.9,97.6207,-49.4834
211,97.6391,-49.4396
211.1,97.5481,-49.3454
211.2,97.5879,-49.346
211.3,97.642,-49.3338
211.4,97.5365,-49.2121
211.5,97.4636,-49.0704
211.6,97.4062,-49.1006
211.7,97.3865,-49.2545
211.8,97.1939,-49.2548
211.9,97.1661,-49.2006
212,97.1817,-49.2106
212.1,97.2318,-49.2392
212.2,97.2654,-49.3599
212.3,97.2672,-49.395
212.4,97.2531,-49.335
212.5,97.2712,-49.2267
212.6,97.2891,-49.242
212.7,97.1868,-49.1856
212.8,97.0501,-49.1173
212.9,96.9864,-49.128
213,96.9328,-48.9802
213.1,96.9645,-48.8497
213.2,97.0102,-48.8067
213.3,96.9617,-48.7374
213.4,97.0022,-48.7078
213.5,97.0927,-48.675
213.6,97.0562,-48.6461
213.7,96.9226,-48.5606
213.8,96.8197,-48.5065
213.9,96.8022,-48.686
214,96.8891,-48.8215
214.1,96.9457,-48.7854
214.2,96.9268,-48.7287
214.3,96.8149,-48.6623
214.4,96.7801,-48.6031
214.5,96.7221,-48.5731
214.6,96.6682,-48.5917
214.7,96.8025,-48.6669
214.8,96.8697,-48.8447
214.9,96.904,-48.8833
215,96.8255,-48.8118
215.1,96.6839,-48.8175
215.2,96.5238,-48.7146
215.3,96.371,-48.7348
215.4,96.2188,-48.7408
215.5,96.1663,-48.8269
215.6,96.1394,-48.9225
215.7,96.1452,-49.0539
215.8,96.0995,-49.1938
215.9,96.1256,-49.3406
216,96.274,-49.3634
216.1,96.3646,-49.3734
216.2,96.3728,-49.4666
216.3,96.2477,-49.6083
216.4,96.2685,-49.6139
216.5,96.3711,-49.6682
216.6,96.432,-49.769
216.7,96.4415,-49.7436
216.8,96.3929,-49.6462
216.9,96.4087,-49.6216
217,96.3986,-49.5888
217.1,96.4336,-49.5666
217.2,96.5716,-49.5115
217.3,96.6357,-49.4982
217.4,96.6321,-49.4951
217.5,96.5674,-49.5294
217.6,96.5713,-49.4813
217.7,96.6217,-49.5016
217.8,96.7074,-49.5362
217.9,96.7067,-49.5226
218,96.6731,-49.4734
218.1,96.633,-49.5044
218.2,96.5353,-49.5569
218.3,96.4334,-49.6531
218.4,96.307,-49.7052
218.5,96.2554,-49.6375
218.6,96.1976,-49.5848
218.7,96.0649,-49.6625
218.8,96.0184,-49.7805
218.9,96.077,-49.8785
219,95.9907,-49.9246
219.1,95.8169,-49.942
219.2,95.7206,-49.9412
219.3,95.712,-49.9614
219.4,95.7433,-49.9536
219.5,95.767,-49.9953
219.6,95.7312,-50.0176
219.7,95.7856,-50.1354
219.8,95.95,-50.2137
219.9,96.0725,-50.1825
220,96.2085,-50.1318
220.1,96.3286,-50.1383
220.2,96.3879,-50.0923
220.3,96.4127,-50.1106
220.4,96.3474,-50.0785
220.5,96.2984,-49.9394
220.6,96.2989,-49.9112
220.7,96.3404,-50.0256
220.8,96.2891,-50.0318
220.9,96.2288,-49.9767
221,96.2284,-49.9428
221.1,96.1506,-49.9107
221.2,96.0854,-49.9167
221.3,96.0878,-49.8934
221.4,96.1145,-50.0142
221.5,96.0784,-50.0206
221.6,96.1059,-50.0413
221.7,96.1647,-50.0669
221.8,96.1156,-50.131
221.9,96.1863,-50.1107
222,96.2166,-50.1065
222.1,96.2688,-50.1629
222.2,96.2671,-50.2595
222.3,96.3148,-50.1574
222.4,96.4176,-50.0031
222.5,96.5432,-49.9219
222.6,96.6601,-49.8768
222.7,96.7957,-49.9068
222.8,96.8134,-49.864
222.9,96.9058,-49.9305
223,97.0149,-50.0663
223.1,97.1042,-50.1548
223.2,97.0044,-50.1949
223.3,96.9433,-50.2035
223.4,96.9703,-50.1717
223.5,97.0631,-50.1264
223.6,97.1497,-50.1963
223.7,97.2134,-50.1596
223.8,97.161,-50.081
223.9,97.1485,-50.1045
224,97.2172,-50.1804
224.1,97.2888,-50.257
224.2,97.2559,-50.312
224.3,97.2498,-50.2924
224.4,97.248,-50.3066
224.5,97.2193,-50.3995
224.6,97.2379,-50.5265
224.7,97.2778,-50.5643
224.8,97.2027,-50.565
224.9,97.1229,-50.487
225,97.0638,-50.452
225.1,96.9865,-50.4587
225.2,96.8847,-50.4993
225.3,96.8183,-50.445
225.4,96.8253,-50.3504
225.5,96.8022,-50.3432
225.6,96.675,-50.3112
225.7,96.6497,-50.3603
225.8,96.6525,-50.3295
225.9,96.6402,-50.3071
226,96.631,-50.3282
226.1,96.6352,-50.2658
226.2,96.6409,-50.1377
226.3,96.6582,-49.9508
226.4,96.6759,-49.7841
226.5,96.5279,-49.6856
226.6,96.3762,-49.6646
226.7,96.3102,-49.6631
226.8,96.3561,-49.7549
226.9,96.4121,-49.8473
227,96.4582,-49.8809
227.1,96.3878,-49.7879
227.2,96.404,-49.6088
227.3,96.431,-49.6403
227.4,96.4245,-49.7127
227.5,96.4059,-49.7437
227.6,96.3406,-49.7086
227.7,96.3714,-49.7184
227.8,96.4106,-49.6704
227.9,96.3894,-49.6017
228,96.4159,-49.6336
228.1,96.4684,-49.5641
228.2,96.4954,-49.5145
228.3,96.4974,-49.5529
228.4,96.5762,-49.5374
228.5,96.6815,-49.5762
228.6,96.7536,-49.6353
228.7,96.7345,-49.5924
228.8,96.7742,-49.5387
228.9,96.8396,-49.3869
229,96.8036,-49.2112
229.1,96.7932,-49.0779
229.2,96.7331,-49.0045
229.3,96.8037,-48.9356
229.4,96.9554,-49.0586
229.5,97.0193,-49.2429
229.6,96.9317,-49.3295
229.7,96.9032,-49.2763
229.8,97.0578,-49.1472
229.9,97.24,-48.9843
230,97.325,-48.9464
230.1,97.4112,-48.9542
230.2,97.5469,-48.9073
230.3,97.5695,-48.922
230.4,97.5344,-48.9288
230.5,97.483,-49.0354
230.6,97.4969,-49.0669
230.7,97.4892,-48.9984
230.8,97.5228,-49.0067
230.9,97.5751,-49.034
231,97.6475,-49.0155
231.1,97.5899,-48.9776
231.2,97.5299,-48.8298
231.3,97.6234,-48.6087
231.4,97.6301,-48.6077
231.5,97.6691,-48.7809
231.6,97.8702,-48.8647
231.7,97.7932,-48.8467
231.8,97.7617,-48.8248
231.9,97.8382,-48.8728
232,97.8921,-48.9624
232.1,97.9335,-48.8778
232.2,97.9641,-48.8259
232.3,97.9082,-48.8735
232.4,97.8546,-48.948
232.5,97.7813,-48.9018
232.6,97.7763,-48.8231
232.7,97.7667,-48.7891
232.8,97.7668,-48.8319
232.9,97.698,-48.7661
233,97.7384,-48.7676
233.1,97.8023,-48.7709
233.2,97.8975,-48.7425
233.3,97.9045,-48.7417
233.4,97.8593,-48.7826
233.5,97.8924,-48.8318
233.6,97.9526,-48.7779
233.7,97.9066,-48.7817
233.8,97.8476,-48.874
233.9,97.7664,-48.9349
234,97.7402,-48.8868
234.1,97.7088,-48.9894
234.2,97.7356,-49.0171
234.3,97.9105,-48.998
234.4,98.0264,-48.9597
234.5,98.1247,-49.0096
234.6,98.1814,-49.1069
234.7,98.2285,-49.2331
234.8,98.1091,-49.3328
234.9,97.8862,-49.3613
235,97.9069,-49.3722
235.1,97.8765,-49.4371
235.2,97.8788,-49.5311
235.3,97.8704,-49.5841
235.4,97.8788,-49.7209
235.5,97.9222,-49.9273
235.6,97.9583,-50.0373
235.7,97.9717,-50.1229
235.8,97.8088,-50.1263
235.9,97.7732,-50.0779
236,97.8858,-49.993
236.1,97.8893,-49.8736
236.2,98.0701,-49.7885
236.3,98.2338,-49.7193
236.4,98.2816,-49.6319
236.5,98.2619,-49.5735
236.6,98.2326,-49.5358
236.7,98.2324,-49.5982
236.8,98.3164,-49.6234
236.9,98.4015,-49.674
237,98.5443,-49.7875
237.1,98.5725,-49.8476
237.2,98.5544,-49.8619
237.3,98.6347,-49.8703
237.4,98.679,-49.7483
237.5,98.7204,-49.6605
237.6,98.664,-49.6156
237.7,98.7138,-49.4804
237.8,98.7294,-49.4221
237.9,98.6832,-49.5348
238,98.6619,-49.5792
238.1,98.6056,-49.6953
238.2,98.5875,-49.8258
238.3,98.6022,-49.9512
238.4,98.6429,-49.9839
238.5,98.4957,-50.0702
238.6,98.475,-50.115
238.7,98.4898,-50.0999
238.8,98.5117,-50.0769
238.9,98.5269,-50.0408
239,98.4655,-50.0248
239.1,98.4221,-50.083
239.2,98.4426,-50.2243
239.3,98.4024,-50.3257
239.4,98.405,-50.3316
239.5,98.4806,-50.2718
239.6,98.6753,-50.3718
239.7,98.7721,-50.4814
239.8,98.7983,-50.5169
239.9,98.7953,-50.4923
240,98.8973,-50.5345
240.1,98.9781,-50.6194
240.2,99.1192,-50.5665
240.3,99.2954,-50.4755
240.4,99.3781,-50.4249
240.5,99.4868,-50.328
240.6,99.5664,-50.2544
240.7,99.7191,-50.3115
240.8,99.8876,-50.4599
240.9,100.053,-50.4381
241,100.169,-50.3683
241.1,100.374,-50.4658
241.2,100.431,-50.6097
241.3,100.388,-50.7352
241.4,100.404,-50.7131
241.5,100.518,-50.6319
241.6,100.54,-50.5853
241.7,100.494,-50.473
241.8,100.398,-50.4181
241.9,100.184,-50.4793
242,100.183,-50.5755
242.1,100.353,-50.6175
242.2,100.489,-50.5532
242.3,100.457,-50.3081
242.4,100.575,-50.1521
242.5,100.607,-50.0004
242.6,100.485,-49.8849
242.7,100.475,-49.8167
242.8,100.542,-49.8073
242.9,100.664,-49.7035
243,100.801,-49.583
243.1,100.816,-49.4859
243.2,100.921,-49.4124
243.3,101.1,-49.3404
243.4,101.153,-49.3636
243.5,101.295,-49.3137
243.6,101.383,-49.2294
243.7,101.255,-49.0654
243.8,101.318,-48.9226
243.9,101.465,-48.9446
244,101.526,-49.1377
244.1,101.58,-49.3299
244.2,101.667,-49.4026
244.3,101.692,-49.3684
244.4,101.691,-49.3432
244.5,101.697,-49.3039
244.6,101.715,-49.2361
244.7,101.684,-49.3575
244.8,101.598,-49.5164
244.9,101.47,-49.7029
245,101.492,-49.769
245.1,101.631,-49.7395
245.2,101.631,-49.5732
245.3,101.722,-49.5324
245.4,101.788,-49.5437
245.5,101.721,-49.6451
245.6,101.667,-49.5822
245.7,101.573,-49.6207
245.8,101.571,-49.5788
245.9,101.583,-49.4902
246,101.568,-49.404
246.1,101.565,-49.3831
246.2,101.599,-49.3369
246.3,101.682,-49.3506
246.4,101.825,-49.2051
246.5,101.958,-49.2394
246.6,102.079,-49.3396
246.7,102.094,-49.411
246.8,102.203,-49.3525
246.9,102.251,-49.3293
247,102.312,-49.4101
247.1,102.446,-49.5865
247.2,102.579,-49.6607
247.3,102.476,-49.715
247.4,102.345,-49.8718
247.5,102.282,-50.0341
