0.1,26.5164,54.4773,0.585632,-0.810577
0.2,26.5444,54.4373,0.580654,-0.814151
0.3,26.5811,54.3832,0.573994,-0.81886
0.4,26.6233,54.317,0.560595,-0.82809
0.5,26.6669,54.2426,0.541944,-0.840415
0.6,26.7117,54.1642,0.536041,-0.844192
0.7,26.7587,54.0834,0.539182,-0.84219
0.8,26.8093,53.9989,0.544021,-0.839072
0.9,26.8639,53.9112,0.551801,-0.833976
1,26.9221,53.8193,0.555505,-0.831513
1.1,26.9841,53.7243,0.561676,-0.827357
1.2,27.0538,53.6348,0.603826,-0.797117
1.3,27.1249,53.5368,0.586674,-0.809823
1.4,27.1963,53.4346,0.577417,-0.81645
1.5,27.2679,53.329,0.570262,-0.821463
1.6,27.3394,53.221,0.563878,-0.825858
1.7,27.4101,53.1113,0.557272,-0.83033
1.8,27.4793,53.0011,0.551021,-0.834491
1.9,27.5466,52.8912,0.54538,-0.838189
2,27.6122,52.7821,0.54076,-0.841177
2.1,27.6759,52.6746,0.537723,-0.843121
2.2,27.7376,52.5686,0.533806,-0.845607
2.3,27.797,52.4637,0.528156,-0.849147
2.4,27.8542,52.3596,0.521416,-0.853302
2.5,27.9087,52.2558,0.511888,-0.859052
2.6,27.9614,52.152,0.504039,-0.863681
2.7,28.012,52.0475,0.494714,-0.869056
2.8,28.0616,51.9426,0.489394,-0.872063
2.9,28.1104,51.8364,0.483463,-0.875365
3,28.1592,51.7295,0.481368,-0.876519
3.1,28.208,51.6216,0.479709,-0.877427
3.2,28.2574,51.5127,0.479843,-0.877354
3.3,28.3076,51.4036,0.482494,-0.875899
3.4,28.3579,51.2933,0.480714,-0.876877
3.5,28.408,51.1825,0.478642,-0.87801
3.6,28.4569,51.0708,0.471808,-0.881701
3.7,28.504,50.9582,0.462481,-0.886629
3.8,28.5496,50.8446,0.454238,-0.89088
3.9,28.594,50.7298,0.446833,-0.894617
4,28.6376,50.6139,0.441587,-0.897218
4.1,28.6812,50.497,0.43925,-0.898365
4.2,28.7248,50.3795,0.438188,-0.898883
4.3,28.769,50.2652,0.447303,-0.894383
4.4,28.8122,50.1506,0.442931,-0.896556
4.5,28.8556,50.037,0.445449,-0.895307
4.6,28.8977,49.9228,0.439106,-0.898435
4.7,28.9384,49.8095,0.434965,-0.900447
4.8,28.9773,49.6963,0.427714,-0.903914
4.9,29.0151,49.5831,0.422754,-0.906245
5,29.0521,49.4696,0.418811,-0.908074
5.1,29.0879,49.355,0.41142,-0.911446
5.2,29.1222,49.2402,0.404192,-0.914674
5.3,29.1551,49.1254,0.398479,-0.917177
5.4,29.1874,49.0103,0.394892,-0.918728
5.5,29.219,48.8951,0.392033,-0.919951
5.6,29.2508,48.7834,0.399458,-0.916752
5.7,29.2828,48.6749,0.40756,-0.913178
5.8,29.3166,48.5677,0.418144,-0.908381
5.9,29.3527,48.4617,0.431392,-0.902165
6,29.3908,48.3569,0.443318,-0.896365
6.1,29.4306,48.2534,0.453557,-0.891227
6.2,29.4713,48.1517,0.461843,-0.886962
6.3,29.5134,48.0503,0.469008,-0.883194
6.4,29.5558,47.9505,0.473801,-0.880632
6.5,29.5982,47.8519,0.476685,-0.879074
6.6,29.6403,47.7547,0.479301,-0.87765
6.7,29.6828,47.6603,0.48724,-0.873268
6.8,29.7252,47.5682,0.493168,-0.869934
6.9,29.7677,47.4774,0.49689,-0.867813
7,29.8096,47.3878,0.497258,-0.867603
7.1,29.8512,47.2988,0.497446,-0.867495
7.2,29.8921,47.2106,0.496611,-0.867973
7.3,29.9323,47.123,0.49471,-0.869058
7.4,29.9715,47.0359,0.491496,-0.87088
7.5,30.0097,46.949,0.487372,-0.873194
7.6,30.05,46.8637,0.501768,-0.865002
7.7,30.0898,46.7785,0.49958,-0.866268
7.8,30.1296,46.6937,0.500816,-0.865554
7.9,30.1693,46.6093,0.501147,-0.865362
8,30.2089,46.5254,0.502439,-0.864613
8.1,30.2485,46.4421,0.504052,-0.863673
8.2,30.2883,46.3596,0.506665,-0.862143
8.3,30.3281,46.2784,0.511047,-0.859553
8.4,30.368,46.1994,0.517077,-0.855939
8.5,30.4082,46.1233,0.527203,-0.84974
8.6,30.4492,46.0509,0.541568,-0.840657
8.7,30.4886,45.9808,0.541208,-0.840889
8.8,30.5312,45.9138,0.565404,-0.824814
8.9,30.5736,45.8478,0.567541,-0.823345
9,30.6186,45.7832,0.583884,-0.811837
9.1,30.6656,45.7192,0.594924,-0.803782
9.2,30.7147,45.655,0.602648,-0.798007
9.3,30.7656,45.5901,0.60825,-0.793745
9.4,30.8185,45.5239,0.612407,-0.790543
9.5,30.8732,45.4564,0.615381,-0.78823
9.6,30.9297,45.3872,0.617207,-0.786801
9.7,30.9877,45.3173,0.620789,-0.783978
9.8,31.0473,45.2461,0.623028,-0.782199
9.9,31.1083,45.173,0.622506,-0.782615
10,31.171,45.0979,0.622904,-0.782298
10.1,31.2351,45.0205,0.621315,-0.783561
10.2,31.3007,44.9408,0.620688,-0.784058
10.3,31.3678,44.8589,0.619043,-0.785357
10.4,31.4363,44.7752,0.619257,-0.785188
10.5,31.5059,44.6895,0.618034,-0.786151
10.6,31.5768,44.6021,0.617512,-0.786561
10.7,31.6482,44.5145,0.618467,-0.785811
10.8,31.7201,44.4254,0.616351,-0.787472
10.9,31.7924,44.3346,0.613115,-0.789993
11,31.865,44.2419,0.609703,-0.79263
11.1,31.9382,44.1476,0.607039,-0.794672
11.2,32.0121,44.0517,0.60531,-0.79599
11.3,32.0868,43.9544,0.604949,-0.796265
11.4,32.1627,43.8563,0.606486,-0.795094
11.5,32.2396,43.7592,0.612115,-0.790769
11.6,32.3171,43.6617,0.613509,-0.789688
11.7,32.3957,43.5638,0.61541,-0.788207
11.8,32.4754,43.4652,0.61754,-0.78654
11.9,32.5563,43.3659,0.619428,-0.785054
12,32.6382,43.2659,0.620837,-0.78394
12.1,32.721,43.165,0.621428,-0.783471
12.2,32.8044,43.0632,0.620939,-0.783859
12.3,32.8879,42.9604,0.619029,-0.785368
12.4,32.9706,42.8579,0.617373,-0.786671
12.5,33.0511,42.7552,0.609773,-0.792576
12.6,33.1298,42.6521,0.603159,-0.797621
12.7,33.2029,42.5498,0.586787,-0.809741
12.8,33.2753,42.4471,0.583566,-0.812066
12.9,33.3465,42.3442,0.578846,-0.815437
13,33.4155,42.2399,0.568077,-0.822975
13.1,33.4833,42.134,0.560004,-0.82849
13.2,33.5495,42.0255,0.548527,-0.836133
13.3,33.6151,41.9149,0.541276,-0.840845
13.4,33.6794,41.8013,0.529804,-0.84812
13.5,33.7426,41.6842,0.518674,-0.854972
13.6,33.8059,41.5677,0.519613,-0.854402
13.7,33.8685,41.4508,0.51667,-0.856185
13.8,33.9304,41.3333,0.512759,-0.858532
13.9,33.9916,41.2152,0.508948,-0.860797
14,34.052,41.0964,0.504804,-0.863234
14.1,34.1108,40.977,0.497712,-0.867342
14.2,34.1697,40.8573,0.497213,-0.867628
14.3,34.2289,40.7378,0.498607,-0.866828
14.4,34.2881,40.6202,0.503132,-0.86421
14.5,34.3474,40.5045,0.507675,-0.861548
14.6,34.4067,40.3908,0.512215,-0.858857
14.7,34.466,40.2794,0.517215,-0.855855
14.8,34.5252,40.1705,0.522729,-0.852499
14.9,34.5843,40.0643,0.528539,-0.848909
15,34.6432,39.9616,0.536205,-0.844088
15.1,34.702,39.8617,0.542734,-0.839905
15.2,34.7607,39.7641,0.54799,-0.836485
15.3,34.8192,39.6686,0.55243,-0.833559
15.4,34.8776,39.5747,0.556569,-0.830801
15.5,34.9361,39.4823,0.560423,-0.828206
15.6,34.9949,39.3911,0.564935,-0.825136
15.7,35.0541,39.3009,0.569107,-0.822263
15.8,35.1135,39.2115,0.571971,-0.820274
15.9,35.1732,39.1223,0.573794,-0.819
16,35.2331,39.033,0.573969,-0.818877
16.1,35.2924,38.9433,0.570896,-0.821022
16.2,35.3503,38.8539,0.566404,-0.824127
16.3,35.4016,38.7655,0.542446,-0.84009
16.4,35.4549,38.677,0.550677,-0.834718
16.5,35.4982,38.6019,0.545586,-0.838054
16.6,35.5493,38.5241,0.570997,-0.820952
16.7,35.5985,38.4541,0.58684,-0.809703
16.8,35.6511,38.3817,0.593032,-0.805179
16.9,35.7025,38.3158,0.608381,-0.793645
17,35.7555,38.2475,0.607569,-0.794267
17.1,35.808,38.1838,0.619866,-0.784708
17.2,35.8614,38.1191,0.620187,-0.784454
17.3,35.9147,38.0576,0.630092,-0.77652
17.4,35.9687,37.9963,0.633221,-0.773971
17.5,36.0236,37.9366,0.642234,-0.766508
17.6,36.0798,37.8783,0.65205,-0.758176
17.7,36.1378,37.8209,0.661371,-0.750059
17.8,36.198,37.764,0.670708,-0.741722
17.9,36.2602,37.706,0.674973,-0.737843
18,36.3251,37.6464,0.678738,-0.73438
18.1,36.393,37.5841,0.680253,-0.732977
18.2,36.4619,37.523,0.687724,-0.725973
18.3,36.5326,37.4543,0.670425,-0.741977
18.4,36.6047,37.3801,0.658503,-0.752578
18.5,36.6778,37.3011,0.648454,-0.761254
18.6,36.7519,37.2175,0.639001,-0.769206
18.7,36.8267,37.1291,0.628623,-0.77771
18.8,36.9016,37.0359,0.616677,-0.787216
18.9,36.9761,36.9382,0.603534,-0.797337
19,37.0494,36.8366,0.58998,-0.807418
19.1,37.1217,36.7325,0.580608,-0.814183
19.2,37.1927,36.6267,0.572284,-0.820056
19.3,37.2625,36.5199,0.565671,-0.824631
19.4,37.3312,36.4126,0.560819,-0.827938
19.5,37.3989,36.3054,0.557711,-0.830036
19.6,37.4656,36.1988,0.555388,-0.831592
19.7,37.5313,36.093,0.553881,-0.832596
19.8,37.596,35.9887,0.553921,-0.832569
19.9,37.66,35.8862,0.555472,-0.831535
20,37.7235,35.7855,0.558533,-0.829482
20.1,37.7868,35.6873,0.563633,-0.826025
20.2,37.8503,35.5911,0.5697,-0.821853
20.3,37.9144,35.4966,0.576281,-0.817251
20.4,37.9795,35.4034,0.582873,-0.812563
20.5,38.0457,35.3112,0.589445,-0.807809
20.6,38.1124,35.219,0.591448,-0.806343
20.7,38.1801,35.1268,0.594798,-0.803875
20.8,38.2488,35.0345,0.59828,-0.801287
20.9,38.3187,34.9421,0.601832,-0.798623
21,38.3899,34.8501,0.607842,-0.794058
21.1,38.4626,34.7581,0.612389,-0.790557
21.2,38.5367,34.6657,0.615986,-0.787757
21.3,38.6122,34.5724,0.618408,-0.785857
21.4,38.689,34.4777,0.619165,-0.785261
21.5,38.767,34.3811,0.617878,-0.786274
21.6,38.8459,34.2821,0.614946,-0.788569
21.7,38.9253,34.1802,0.609361,-0.792893
21.8,39.0046,34.0753,0.60176,-0.798677
21.9,39.0832,33.9677,0.593231,-0.805032
22,39.161,33.8578,0.585395,-0.810749
22.1,39.2381,33.746,0.578852,-0.815432
22.2,39.3147,33.6327,0.573622,-0.81912
22.3,39.3909,33.5181,0.569449,-0.822026
22.4,39.4667,33.4027,0.566294,-0.824204
22.5,39.5426,33.2871,0.566144,-0.824307
22.6,39.6184,33.1712,0.565392,-0.824822
22.7,39.6942,33.0548,0.564064,-0.825731
22.8,39.7697,32.938,0.56227,-0.826954
22.9,39.8448,32.8207,0.56016,-0.828384
23,39.9195,32.7032,0.558051,-0.829807
23.1,39.9937,32.5855,0.556166,-0.831071
23.2,40.0674,32.4679,0.554723,-0.832035
23.3,40.1406,32.3507,0.553907,-0.832579
23.4,40.2135,32.2338,0.553736,-0.832692
23.5,40.2862,32.1174,0.554195,-0.832387
23.6,40.3587,32.0017,0.555185,-0.831727
23.7,40.4313,31.8866,0.556597,-0.830783
23.8,40.5038,31.7723,0.558585,-0.829447
23.9,40.5766,31.6588,0.560899,-0.827884
24,40.6495,31.5462,0.563502,-0.826115
24.1,40.7227,31.4343,0.566153,-0.8243
24.2,40.7962,31.3231,0.568778,-0.822491
24.3,40.87,31.2125,0.571356,-0.820702
24.4,40.9443,31.1024,0.573856,-0.818956
24.5,41.0189,30.9927,0.57615,-0.817344
24.6,41.0939,30.8832,0.578078,-0.815982
24.7,41.1693,30.774,0.579577,-0.814918
24.8,41.245,30.6648,0.580774,-0.814065
24.9,41.3209,30.5556,0.58165,-0.813439
25,41.397,30.4465,0.582357,-0.812933
25.1,41.4733,30.3374,0.583029,-0.812451
25.2,41.5497,30.2284,0.583614,-0.812031
25.3,41.6262,30.1194,0.584095,-0.811685
25.4,41.7029,30.0105,0.584451,-0.811429
25.5,41.7796,29.9015,0.584647,-0.811288
25.6,41.8563,29.7925,0.584704,-0.811247
25.7,41.9329,29.6836,0.584635,-0.811297
25.8,42.0095,29.5747,0.584453,-0.811428
25.9,42.0859,29.4658,0.584127,-0.811662
26,42.1622,29.357,0.583647,-0.812007
26.1,42.2382,29.2482,0.583011,-0.812464
26.2,42.314,29.1394,0.582216,-0.813034
26.3,42.3895,29.0306,0.581288,-0.813698
26.4,42.4647,28.9218,0.580293,-0.814408
26.5,42.5395,28.813,0.579234,-0.815162
26.6,42.614,28.7043,0.578126,-0.815947
26.7,42.6881,28.5956,0.577023,-0.816728
26.8,42.7618,28.4871,0.575984,-0.817461
26.9,42.835,28.3788,0.575067,-0.818107
27,42.9078,28.2708,0.574362,-0.818602
27.1,42.9801,28.1633,0.57391,-0.818918
27.2,43.052,28.0564,0.573756,-0.819027
27.3,43.1235,27.95,0.573911,-0.818917
27.4,43.1946,27.8443,0.574341,-0.818616
27.5,43.2655,27.7393,0.575053,-0.818116
27.6,43.3361,27.6351,0.576019,-0.817436
27.7,43.4065,27.5317,0.577406,-0.816457
27.8,43.4768,27.4292,0.578993,-0.815332
27.9,43.5468,27.3277,0.580792,-0.814052
28,43.6166,27.2275,0.583064,-0.812426
28.1,43.6863,27.1286,0.586056,-0.810271
28.2,43.7561,27.031,0.589698,-0.807624
28.3,43.8261,26.9348,0.593987,-0.804475
28.4,43.8967,26.8396,0.598182,-0.80136
28.5,43.9677,26.7452,0.602064,-0.798448
28.6,44.0394,26.6512,0.605389,-0.79593
28.7,44.1118,26.5575,0.608118,-0.793847
28.8,44.1847,26.4641,0.610821,-0.791769
28.9,44.2583,26.3706,0.612954,-0.790119
29,44.3325,26.277,0.614566,-0.788866
29.1,44.4074,26.1831,0.615816,-0.78789
29.2,44.4829,26.0887,0.616766,-0.787147
29.3,44.559,25.9937,0.617398,-0.786651
29.4,44.6358,25.8982,0.618084,-0.786112
29.5,44.7133,25.8018,0.618184,-0.786033
29.6,44.7914,25.7045,0.617512,-0.786561
29.7,44.8699,25.6059,0.615636,-0.78803
29.8,44.9486,25.5055,0.612285,-0.790637
29.9,45.0274,25.4032,0.607491,-0.794326
30,45.1058,25.2986,0.601059,-0.799205
30.1,45.1836,25.1917,0.593383,-0.80492
30.2,45.2605,25.0826,0.585385,-0.810756
30.3,45.3364,24.9716,0.577904,-0.816105
30.4,45.4115,24.8591,0.571393,-0.820677
30.5,45.4857,24.7453,0.565951,-0.824439
30.6,45.5594,24.6305,0.561919,-0.827192
30.7,45.6327,24.5148,0.558601,-0.829436
30.8,45.7055,24.3986,0.555857,-0.831278
30.9,45.7781,24.2817,0.553527,-0.832831
31,45.8503,24.1644,0.551504,-0.834172
31.1,45.9223,24.0466,0.549734,-0.835339
31.2,45.994,23.9285,0.548194,-0.836351
31.3,46.0655,23.8101,0.546868,-0.837219
31.4,46.1369,23.6916,0.546441,-0.837497
31.5,46.2083,23.5731,0.54638,-0.837537
31.6,46.2797,23.4547,0.546458,-0.837486
31.7,46.3511,23.3364,0.546719,-0.837316
31.8,46.4225,23.2181,0.546897,-0.8372
31.9,46.4938,23.0998,0.546971,-0.837152
32,46.5652,22.9816,0.546899,-0.837199
32.1,46.6365,22.8633,0.546663,-0.837353
32.2,46.7077,22.7449,0.546253,-0.83762
32.3,46.7788,22.6263,0.545675,-0.837997
32.4,46.8498,22.5076,0.544999,-0.838436
32.5,46.9207,22.3887,0.544203,-0.838954
32.6,46.9915,22.2696,0.543296,-0.839541
32.7,47.0621,22.1502,0.542301,-0.840184
32.8,47.1326,22.0307,0.541803,-0.840505
32.9,47.203,21.9112,0.541454,-0.84073
33,47.2733,21.7917,0.541119,-0.840946
33.1,47.3435,21.6722,0.540833,-0.84113
33.2,47.4136,21.5527,0.540458,-0.841371
33.3,47.4834,21.4333,0.539979,-0.841679
33.4,47.5531,21.3138,0.539376,-0.842065
33.5,47.6225,21.1944,0.538624,-0.842546
33.6,47.6917,21.075,0.537714,-0.843127
33.7,47.7605,20.9556,0.536662,-0.843798
33.8,47.829,20.8362,0.535514,-0.844526
33.9,47.8971,20.7168,0.534325,-0.845279
34,47.9648,20.5974,0.533138,-0.846028
34.1,48.0323,20.478,0.532125,-0.846666
34.2,48.0995,20.3587,0.531587,-0.847004
34.3,48.1664,20.2395,0.53129,-0.84719
34.4,48.2332,20.1207,0.531234,-0.847225
34.5,48.2999,20.002,0.531218,-0.847235
34.6,48.3663,19.8837,0.531198,-0.847248
34.7,48.4324,19.7657,0.531132,-0.847289
34.8,48.4983,19.6481,0.531044,-0.847344
34.9,48.5639,19.5309,0.530977,-0.847386
35,48.6292,19.4141,0.530973,-0.847389
35.1,48.6942,19.2978,0.531127,-0.847292
35.2,48.759,19.182,0.531457,-0.847085
35.3,48.8237,19.0666,0.53193,-0.846789
35.4,48.8882,18.9516,0.532424,-0.846478
35.5,48.9526,18.8369,0.532755,-0.846269
35.6,49.017,18.7226,0.534118,-0.84541
35.7,49.0814,18.6087,0.534192,-0.845363
35.8,49.1453,18.4948,0.533251,-0.845957
35.9,49.2086,18.381,0.531103,-0.847307
36,49.2711,18.267,0.527815,-0.84936
36.1,49.3327,18.1526,0.523621,-0.851951
36.2,49.3931,18.0379,0.51886,-0.854859
36.3,49.4525,17.9226,0.513732,-0.857951
36.4,49.5107,17.8066,0.507943,-0.86139
36.5,49.5679,17.6898,0.502254,-0.86472
36.6,49.624,17.572,0.496345,-0.868126
36.7,49.6792,17.453,0.490291,-0.871559
36.8,49.7335,17.3325,0.484093,-0.875016
36.9,49.7871,17.2104,0.477893,-0.878418
37,49.8401,17.0864,0.471877,-0.881664
37.1,49.8927,16.9603,0.466294,-0.88463
37.2,49.9452,16.8321,0.461385,-0.8872
37.3,49.9977,16.7016,0.457343,-0.889291
37.4,50.0504,16.569,0.454268,-0.890865
37.5,50.1035,16.4344,0.452116,-0.891959
37.6,50.1571,16.2981,0.450765,-0.892642
37.7,50.2113,16.1601,0.450106,-0.892975
37.8,50.2661,16.0208,0.449923,-0.893068
37.9,50.3215,15.8803,0.449991,-0.893033
38,50.3774,15.7388,0.45011,-0.892973
38.1,50.4338,15.5962,0.450119,-0.892969
38.2,50.4918,15.456,0.460275,-0.887777
38.3,50.5503,15.3167,0.463972,-0.88585
38.4,50.6087,15.1776,0.464356,-0.885649
38.5,50.6673,15.0387,0.465151,-0.885231
38.6,50.7257,14.8995,0.464388,-0.885632
38.7,50.7839,14.7595,0.462103,-0.886826
38.8,50.8419,14.6187,0.460459,-0.887681
38.9,50.9,14.4769,0.458692,-0.888595
39,50.9582,14.334,0.457265,-0.889331
39.1,51.0167,14.19,0.456346,-0.889803
39.2,51.0757,14.0448,0.456034,-0.889962
39.3,51.1352,13.8986,0.456337,-0.889807
39.4,51.1954,13.7514,0.457209,-0.889359
39.5,51.2563,13.6035,0.458584,-0.888651
39.6,51.3182,13.4549,0.460412,-0.887705
39.7,51.381,13.3058,0.46336,-0.88617
39.8,51.4449,13.1565,0.466437,-0.884555
39.9,51.5099,13.0068,0.469868,-0.882737
40,51.5761,12.857,0.47378,-0.880643
40.1,51.6442,12.7109,0.486888,-0.873464
40.2,51.7137,12.5672,0.496449,-0.868066
40.3,51.7844,12.4253,0.503713,-0.863871
40.4,51.856,12.2848,0.509425,-0.860515
40.5,51.928,12.1458,0.513921,-0.857837
40.6,52,12.0089,0.517659,-0.855587
40.7,52.0716,11.8744,0.521692,-0.853134
40.8,52.1428,11.7428,0.526496,-0.850178
40.9,52.2142,11.6135,0.531672,-0.84695
41,52.2861,11.4862,0.537378,-0.843341
41.1,52.3586,11.3605,0.543429,-0.839455
41.2,52.4321,11.2364,0.549671,-0.835381
41.3,52.5066,11.1137,0.556082,-0.831127
41.4,52.582,10.9924,0.562546,-0.826766
41.5,52.6584,10.8761,0.576575,-0.817044
41.6,52.7356,10.7625,0.585196,-0.810892
41.7,52.8135,10.6506,0.591592,-0.806238
41.8,52.8924,10.5396,0.59677,-0.802413
41.9,52.9724,10.4291,0.601364,-0.798975
42,53.0536,10.3189,0.605652,-0.79573
42.1,53.1361,10.2085,0.60957,-0.792732
42.2,53.22,10.0978,0.612799,-0.790239
42.3,53.305,9.98669,0.615321,-0.788276
42.4,53.391,9.87481,0.616384,-0.787445
42.5,53.4776,9.76179,0.615507,-0.788132
42.6,53.5645,9.64732,0.61315,-0.789967
42.7,53.6513,9.5335,0.614179,-0.789167
42.8,53.7375,9.41896,0.611102,-0.791552
42.9,53.8233,9.30334,0.607286,-0.794483
43,53.9087,9.18646,0.603294,-0.797519
43.1,53.9937,9.06828,0.599472,-0.800396
43.2,54.0785,8.94862,0.595231,-0.803555
43.3,54.1627,8.82737,0.59034,-0.807154
43.4,54.2463,8.7045,0.584942,-0.811075
43.5,54.3291,8.58003,0.579092,-0.815262
43.6,54.411,8.45414,0.573262,-0.819372
43.7,54.492,8.32704,0.567907,-0.823092
43.8,54.572,8.20071,0.566829,-0.823836
43.9,54.6512,8.07469,0.564737,-0.825271
44,54.7295,7.94867,0.562245,-0.82697
44.1,54.8071,7.82246,0.559684,-0.828706
44.2,54.8842,7.69594,0.557198,-0.83038
44.3,54.9607,7.56904,0.554797,-0.831986
44.4,55.0367,7.44168,0.552484,-0.833523
44.5,55.1124,7.31387,0.550414,-0.834892
44.6,55.1877,7.1855,0.548083,-0.836424
44.7,55.2626,7.05646,0.545563,-0.83807
44.8,55.3373,6.92824,0.546693,-0.837333
44.9,55.4117,6.80015,0.54587,-0.83787
45,55.4857,6.67178,0.544161,-0.838981
45.1,55.5593,6.54288,0.542198,-0.840251
45.2,55.6328,6.41332,0.540306,-0.841469
45.3,55.7062,6.28309,0.538707,-0.842493
45.4,55.7796,6.15212,0.537311,-0.843384
45.5,55.8532,6.02057,0.536696,-0.843775
45.6,55.927,5.88838,0.536138,-0.844131
45.7,56.001,5.75555,0.535795,-0.844348
45.8,56.0754,5.62212,0.535728,-0.84439
45.9,56.1501,5.48815,0.535959,-0.844244
46,56.2253,5.3537,0.5365,-0.8439
46.1,56.3011,5.22124,0.542639,-0.839966
46.2,56.3774,5.08995,0.546576,-0.837409
46.3,56.454,4.95932,0.549107,-0.835752
46.4,56.5309,4.82907,0.550949,-0.834539
46.5,56.608,4.69897,0.552092,-0.833784
46.6,56.6854,4.56887,0.552793,-0.833319
46.7,56.7629,4.43872,0.553394,-0.832919
46.8,56.8406,4.30842,0.553588,-0.83279
46.9,56.9185,4.17918,0.556742,-0.830685
47,56.9965,4.05049,0.558279,-0.829653
47.1,57.0746,3.92212,0.558995,-0.829171
47.2,57.1525,3.79378,0.558998,-0.829169
47.3,57.2304,3.6654,0.558721,-0.829356
47.4,57.3083,3.53684,0.558245,-0.829677
47.5,57.386,3.40808,0.557671,-0.830062
47.6,57.4637,3.27907,0.557028,-0.830494
47.7,57.5413,3.1498,0.556382,-0.830927
47.8,57.6189,3.02023,0.555787,-0.831325
47.9,57.6965,2.89037,0.555278,-0.831665
48,57.7743,2.76213,0.559145,-0.82907
48.1,57.852,2.63495,0.561453,-0.827509
48.2,57.9296,2.50843,0.562612,-0.826721
48.3,58.0071,2.38257,0.563843,-0.825882
48.4,58.0845,2.25703,0.56405,-0.825741
48.5,58.1616,2.13154,0.5636,-0.826048
48.6,58.2385,2.00597,0.562784,-0.826604
48.7,58.3152,1.88021,0.561796,-0.827276
48.8,58.3918,1.7542,0.560749,-0.827986
48.9,58.4681,1.62792,0.559688,-0.828703
49,58.5443,1.50135,0.558612,-0.829429
49.1,58.6203,1.37444,0.557491,-0.830183
49.2,58.6961,1.24718,0.556291,-0.830987
49.3,58.7718,1.11952,0.555,-0.83185
49.4,58.8473,0.991402,0.553634,-0.83276
49.5,58.9227,0.864376,0.555796,-0.831318
49.6,58.998,0.737864,0.556382,-0.830927
49.7,59.073,0.611463,0.555996,-0.831185
49.8,59.1478,0.484916,0.555093,-0.831788
49.9,59.2224,0.358061,0.554001,-0.832516
50,59.297,0.230882,0.5532,-0.833048
50.1,59.3715,0.103315,0.552435,-0.833556
50.2,59.4461,-0.0246621,0.551769,-0.833997
50.3,59.5207,-0.153049,0.551201,-0.834372
50.4,59.5954,-0.281838,0.550696,-0.834706
50.5,59.6702,-0.411022,0.550214,-0.835023
50.6,59.7452,-0.538815,0.553694,-0.83272
50.7,59.8201,-0.665768,0.555558,-0.831478
50.8,59.8949,-0.79236,0.556097,-0.831118
50.9,59.9696,-0.918918,0.555815,-0.831306
51,60.0441,-1.04565,0.555096,-0.831786
51.1,60.1185,-1.17264,0.554402,-0.832249
51.2,60.1929,-1.29997,0.553631,-0.832762
51.3,60.2673,-1.42768,0.552885,-0.833258
51.4,60.3417,-1.55578,0.552197,-0.833713
51.5,60.4161,-1.68428,0.551568,-0.83413
51.6,60.4906,-1.81316,0.551024,-0.834489
51.7,60.5651,-1.94247,0.550457,-0.834864
51.8,60.6398,-2.0704,0.553988,-0.832525
51.9,60.7146,-2.1975,0.555967,-0.831204
52,60.7893,-2.32417,0.556901,-0.830579
52.1,60.8639,-2.45064,0.557181,-0.830391
52.2,60.9384,-2.57711,0.557091,-0.830451
52.3,61.0129,-2.70368,0.556822,-0.830632
52.4,61.0874,-2.83039,0.556483,-0.830859
52.5,61.1618,-2.95728,0.556129,-0.831096
52.6,61.2362,-3.08436,0.555755,-0.831346
52.7,61.3107,-3.21023,0.558798,-0.829304
52.8,61.3852,-3.33529,0.560509,-0.828149
52.9,61.4595,-3.45984,0.561366,-0.827568
53,61.5337,-3.58422,0.561211,-0.827673
53.1,61.6076,-3.70866,0.560446,-0.828191
53.2,61.6813,-3.83333,0.559352,-0.82893
53.3,61.7548,-3.95832,0.558118,-0.829762
53.4,61.8281,-4.08369,0.556863,-0.830604
53.5,61.9013,-4.20947,0.555661,-0.831409
53.6,61.9744,-4.33566,0.554551,-0.83215
53.7,62.0474,-4.46227,0.553552,-0.832815
53.8,62.1203,-4.58927,0.552753,-0.833345
53.9,62.1934,-4.7149,0.556203,-0.831046
54,62.2665,-4.8397,0.558159,-0.829734
54.1,62.3396,-4.96403,0.559066,-0.829123
54.2,62.4124,-5.08806,0.559222,-0.829018
54.3,62.4849,-5.21183,0.558839,-0.829276
54.4,62.5569,-5.33516,0.558104,-0.829771
54.5,62.628,-5.45767,0.557331,-0.83029
54.6,62.6982,-5.57889,0.557197,-0.830381
54.7,62.7676,-5.69849,0.558514,-0.829495
54.8,62.8369,-5.81499,0.565202,-0.824953
54.9,62.9067,-5.92931,0.571765,-0.820418
55,62.9771,-6.042,0.577978,-0.816052
55.1,63.0484,-6.15352,0.583671,-0.81199
55.2,63.1207,-6.26428,0.588747,-0.808317
55.3,63.1941,-6.3745,0.593439,-0.804879
55.4,63.2685,-6.48454,0.597421,-0.801928
55.5,63.344,-6.59479,0.600411,-0.799692
55.6,63.4205,-6.70564,0.602313,-0.79826
55.7,63.498,-6.81743,0.603119,-0.797652
55.8,63.5762,-6.92851,0.607036,-0.794674
55.9,63.6548,-7.04002,0.607548,-0.794283
56,63.7338,-7.15243,0.606458,-0.795116
56.1,63.813,-7.26597,0.604622,-0.796513
56.2,63.8922,-7.38082,0.601833,-0.798622
56.3,63.9714,-7.49701,0.598796,-0.800902
56.4,64.0505,-7.61456,0.595403,-0.803427
56.5,64.1294,-7.73342,0.591853,-0.806046
56.6,64.2079,-7.85189,0.591662,-0.806186
56.7,64.2859,-7.9706,0.589629,-0.807674
56.8,64.3632,-8.08979,0.586777,-0.809749
56.9,64.44,-8.20957,0.583648,-0.812007
57,64.5161,-8.32992,0.580548,-0.814226
57.1,64.5917,-8.45081,0.577568,-0.816342
57.2,64.6667,-8.57213,0.57498,-0.818167
57.3,64.741,-8.69376,0.572476,-0.819921
57.4,64.8147,-8.81549,0.570038,-0.821619
57.5,64.8874,-8.93528,0.571634,-0.820509
57.6,64.9591,-9.05316,0.572676,-0.819782
57.7,65.0299,-9.16914,0.57415,-0.81875
57.8,65.1,-9.28321,0.576484,-0.817108
57.9,65.1698,-9.39553,0.579769,-0.814781
58,65.2397,-9.50634,0.583752,-0.811932
58.1,65.3101,-9.61584,0.588471,-0.808518
58.2,65.3812,-9.72428,0.593562,-0.804788
58.3,65.4533,-9.83194,0.598819,-0.800885
58.4,65.5267,-9.93898,0.60423,-0.79681
58.5,65.6013,-10.0457,0.609287,-0.792949
58.6,65.6771,-10.1503,0.618223,-0.786003
58.7,65.754,-10.2543,0.622784,-0.782394
58.8,65.8317,-10.3583,0.625644,-0.780109
58.9,65.9102,-10.4625,0.627652,-0.778494
59,65.9894,-10.567,0.629084,-0.777337
59.1,66.0693,-10.6719,0.630091,-0.776522
59.2,66.1498,-10.7774,0.6307,-0.776027
59.3,66.2309,-10.8837,0.630651,-0.776066
59.4,66.3127,-10.9909,0.630313,-0.776341
59.5,66.3949,-11.0991,0.629475,-0.77702
59.6,66.4772,-11.2064,0.631831,-0.775106
59.7,66.5594,-11.3141,0.630849,-0.775906
59.8,66.6415,-11.4223,0.629026,-0.777384
59.9,66.7235,-11.5311,0.627511,-0.778608
60,66.8054,-11.6405,0.625841,-0.779951
60.1,66.8872,-11.7505,0.624303,-0.781183
60.2,66.9691,-11.8612,0.623028,-0.782199
60.3,67.0511,-11.9725,0.621948,-0.783059
60.4,67.1333,-12.0845,0.621047,-0.783774
60.5,67.2154,-12.1951,0.624089,-0.781353
60.6,67.2974,-12.3055,0.624171,-0.781288
60.7,67.3792,-12.4161,0.623225,-0.782042
60.8,67.4608,-12.5272,0.621964,-0.783046
60.9,67.5424,-12.6386,0.620669,-0.784073
61,67.6239,-12.7506,0.619488,-0.785006
61.1,67.7054,-12.8629,0.618846,-0.785512
61.2,67.7869,-12.9755,0.618204,-0.786018
61.3,67.8686,-13.0886,0.617562,-0.786522
61.4,67.9501,-13.2003,0.620468,-0.784231
61.5,68.0313,-13.3116,0.620781,-0.783984
61.6,68.1124,-13.423,0.620072,-0.784545
61.7,68.1933,-13.5346,0.619029,-0.785368
61.8,68.2741,-13.6467,0.617932,-0.786232
61.9,68.3549,-13.7591,0.617132,-0.786859
62,68.4358,-13.8719,0.616368,-0.787459
62.1,68.5167,-13.9852,0.615656,-0.788015
62.2,68.5977,-14.0989,0.614962,-0.788557
62.3,68.6786,-14.2112,0.618045,-0.786143
62.4,68.7594,-14.3231,0.618819,-0.785533
62.5,68.8401,-14.435,0.61865,-0.785666
62.6,68.9207,-14.547,0.618038,-0.786148
62.7,69.0014,-14.6593,0.617597,-0.786495
62.8,69.082,-14.772,0.617076,-0.786904
62.9,69.1628,-14.885,0.616741,-0.787166
63,69.2438,-14.9983,0.616496,-0.787358
63.1,69.3249,-15.112,0.616292,-0.787517
63.2,69.406,-15.2243,0.619579,-0.784934
63.3,69.4872,-15.336,0.620963,-0.78384
63.4,69.5682,-15.4476,0.621339,-0.783542
63.5,69.6493,-15.5592,0.621261,-0.783604
63.6,69.7304,-15.671,0.621158,-0.783685
63.7,69.8116,-15.7829,0.62104,-0.783778
63.8,69.8928,-15.8951,0.620958,-0.783844
63.9,69.9742,-16.0074,0.620938,-0.78386
64,70.0558,-16.12,0.621032,-0.783785
64.1,70.1373,-16.2312,0.624359,-0.781137
64.2,70.2189,-16.3416,0.626155,-0.779698
64.3,70.3004,-16.4517,0.627042,-0.778986
64.4,70.382,-16.5617,0.627442,-0.778663
64.5,70.4636,-16.6717,0.627626,-0.778515
64.6,70.5453,-16.7818,0.627718,-0.778441
64.7,70.627,-16.8921,0.627801,-0.778374
64.8,70.7089,-17.0024,0.627925,-0.778274
64.9,70.791,-17.113,0.628043,-0.778179
65,70.873,-17.2224,0.630793,-0.775951
65.1,70.955,-17.3311,0.632379,-0.774659
65.2,71.037,-17.4395,0.633221,-0.773971
65.3,71.1189,-17.5478,0.633555,-0.773698
65.4,71.2009,-17.6561,0.63354,-0.77371
65.5,71.2828,-17.7645,0.633314,-0.773895
65.6,71.3648,-17.8732,0.632976,-0.774172
65.7,71.4468,-17.9811,0.63479,-0.772685
65.8,71.5288,-18.0888,0.635588,-0.772029
65.9,71.6109,-18.1965,0.635791,-0.771862
66,71.693,-18.3043,0.635695,-0.77194
66.1,71.7752,-18.4123,0.635443,-0.772148
66.2,71.8575,-18.5207,0.635104,-0.772426
66.3,71.9399,-18.6294,0.634717,-0.772744
66.4,72.0225,-18.7385,0.634304,-0.773083
66.5,72.1052,-18.848,0.634135,-0.773222
66.6,72.188,-18.9566,0.636497,-0.771279
66.7,72.2709,-19.0648,0.637662,-0.770316
66.8,72.3539,-19.173,0.638075,-0.769974
66.9,72.4371,-19.2815,0.637933,-0.770092
67,72.5204,-19.3905,0.637462,-0.770482
67.1,72.604,-19.5001,0.636779,-0.771047
67.2,72.6878,-19.6103,0.635936,-0.771742
67.3,72.7719,-19.7213,0.635081,-0.772445
67.4,72.8562,-19.833,0.634121,-0.773233
67.5,72.9408,-19.9456,0.633124,-0.77405
67.6,73.0255,-20.0577,0.634436,-0.772975
67.7,73.1102,-20.1699,0.634622,-0.772823
67.8,73.1951,-20.2824,0.634123,-0.773232
67.9,73.2799,-20.3955,0.633237,-0.773958
68,73.3649,-20.509,0.632221,-0.774788
68.1,73.4498,-20.6232,0.631136,-0.775672
68.2,73.5348,-20.7378,0.630135,-0.776485
68.3,73.6199,-20.8529,0.629253,-0.777201
68.4,73.7047,-20.9673,0.630692,-0.776034
68.5,73.7895,-21.0812,0.631501,-0.775375
68.6,73.8741,-21.1949,0.631898,-0.775052
68.7,73.9586,-21.3084,0.631983,-0.774982
68.8,74.0431,-21.422,0.631945,-0.775013
68.9,74.1276,-21.5349,0.63333,-0.773882
69,74.212,-21.6475,0.634161,-0.773201
69.1,74.2964,-21.76,0.634629,-0.772817
69.2,74.3809,-21.8725,0.635035,-0.772484
69.3,74.4655,-21.9849,0.635368,-0.77221
69.4,74.5502,-22.0975,0.635716,-0.771923
69.5,74.6351,-22.2101,0.636135,-0.771578
69.6,74.7202,-22.3228,0.63669,-0.77112
69.7,74.8056,-22.4355,0.637405,-0.770529
69.8,74.8911,-22.5471,0.640678,-0.76781
69.9,74.9768,-22.6579,0.643238,-0.765667
70,75.0628,-22.7681,0.645353,-0.763884
70.1,75.149,-22.8778,0.647242,-0.762285
70.2,75.2355,-22.9873,0.649065,-0.760733
70.3,75.3225,-23.0963,0.651026,-0.759055
70.4,75.4097,-23.205,0.653076,-0.757292
70.5,75.4974,-23.3132,0.655255,-0.755408
70.6,75.5852,-23.4199,0.659346,-0.751839
70.7,75.6733,-23.5254,0.663013,-0.748608
70.8,75.7615,-23.6297,0.666326,-0.74566
70.9,75.8499,-23.7329,0.669332,-0.742963
71,75.9383,-23.8352,0.672071,-0.740487
71.1,76.0268,-23.9365,0.674578,-0.738203
71.2,76.1153,-24.0369,0.676885,-0.736089
71.3,76.2038,-24.1364,0.679013,-0.734126
71.4,76.2922,-24.2351,0.680973,-0.732309
71.5,76.3806,-24.333,0.682765,-0.730638
71.6,76.4689,-24.4303,0.684387,-0.729119
71.7,76.5571,-24.5268,0.685836,-0.727756
71.8,76.6452,-24.6227,0.687115,-0.726548
71.9,76.7332,-24.7181,0.688239,-0.725484
72,76.8211,-24.8131,0.689223,-0.724549
72.1,76.909,-24.9076,0.690088,-0.723725
72.2,76.9968,-25.0018,0.690852,-0.722996
72.3,77.0846,-25.0958,0.691532,-0.722346
72.4,77.1724,-25.1894,0.692144,-0.721759
72.5,77.2602,-25.2829,0.692701,-0.721225
72.6,77.348,-25.3763,0.69323,-0.720716
72.7,77.4359,-25.4695,0.693738,-0.720228
72.8,77.5239,-25.5626,0.694226,-0.719757
72.9,77.612,-25.6556,0.694696,-0.719304
73,77.7001,-25.7485,0.695148,-0.718867
73.1,77.7884,-25.8414,0.695582,-0.718447
73.2,77.8768,-25.9343,0.695999,-0.718043
73.3,77.9653,-26.0272,0.696399,-0.717655
73.4,78.0539,-26.12,0.696783,-0.717282
73.5,78.1427,-26.2128,0.697151,-0.716924
73.6,78.2316,-26.3056,0.697505,-0.71658
73.7,78.3205,-26.3984,0.697844,-0.71625
73.8,78.4097,-26.4912,0.698169,-0.715933
73.9,78.4989,-26.584,0.698482,-0.715628
74,78.5882,-26.6768,0.698783,-0.715334
74.1,78.6776,-26.7695,0.699071,-0.715052
74.2,78.7671,-26.8623,0.699349,-0.71478
74.3,78.8568,-26.9551,0.699617,-0.714519
74.4,78.9465,-27.0479,0.699859,-0.714281
74.5,79.0362,-27.1407,0.700086,-0.714059
74.6,79.1261,-27.2335,0.700301,-0.713848
74.7,79.216,-27.3262,0.700507,-0.713645
74.8,79.306,-27.419,0.700707,-0.713449
74.9,79.396,-27.5118,0.7009,-0.713259
75,79.4861,-27.6045,0.701089,-0.713074
75.1,79.5763,-27.6972,0.701272,-0.712894
75.2,79.6665,-27.79,0.70145,-0.712719
75.3,79.7568,-27.8827,0.701623,-0.712548
75.4,79.8471,-27.9754,0.701792,-0.712382
75.5,79.9375,-28.0681,0.701956,-0.712221
75.6,80.0279,-28.1608,0.702115,-0.712064
75.7,80.1184,-28.2535,0.702269,-0.711912
75.8,80.2089,-28.3462,0.702418,-0.711764
75.9,80.2995,-28.4389,0.702563,-0.711621
76,80.3901,-28.5316,0.702703,-0.711483
76.1,80.4808,-28.6243,0.702838,-0.71135
76.2,80.5714,-28.7169,0.702968,-0.711221
76.3,80.6622,-28.8096,0.703093,-0.711097
76.4,80.7529,-28.9023,0.703202,-0.71099
76.5,80.8438,-28.995,0.703297,-0.710896
76.6,80.9346,-29.0877,0.703381,-0.710813
76.7,81.0255,-29.1804,0.703455,-0.71074
76.8,81.1165,-29.2731,0.703532,-0.710663
76.9,81.2074,-29.3659,0.703595,-0.710602
77,81.2985,-29.4586,0.703658,-0.710539
77.1,81.3895,-29.5514,0.703706,-0.710491
77.2,81.4806,-29.6442,0.703756,-0.710442
77.3,81.5716,-29.737,0.703804,-0.710394
77.4,81.6628,-29.8298,0.703848,-0.710351
77.5,81.7539,-29.9226,0.703874,-0.710325
77.6,81.845,-30.0155,0.703901,-0.710299
77.7,81.9361,-30.1083,0.703926,-0.710274
77.8,82.0273,-30.2011,0.703947,-0.710252
77.9,82.1184,-30.294,0.703965,-0.710235
78,82.2096,-30.3868,0.703977,-0.710222
78.1,82.3007,-30.4796,0.703985,-0.710215
78.2,82.3918,-30.5725,0.703989,-0.710211
78.3,82.483,-30.6653,0.703992,-0.710208
78.4,82.5741,-30.7581,0.703992,-0.710208
78.5,82.6652,-30.8509,0.703991,-0.710209
78.6,82.7562,-30.9437,0.703985,-0.710215
78.7,82.8473,-31.0365,0.703976,-0.710224
78.8,82.9383,-31.1293,0.703963,-0.710237
78.9,83.0293,-31.222,0.703946,-0.710254
79,83.1203,-31.3148,0.703925,-0.710274
79.1,83.2112,-31.4075,0.703901,-0.710298
79.2,83.3022,-31.5002,0.703873,-0.710326
79.3,83.393,-31.5929,0.703841,-0.710357
79.4,83.4839,-31.6856,0.703806,-0.710392
79.5,83.5747,-31.7783,0.703768,-0.71043
79.6,83.6655,-31.871,0.703722,-0.710476
79.7,83.7562,-31.9636,0.703668,-0.710529
79.8,83.8469,-32.0563,0.70361,-0.710587
79.9,83.9375,-32.1489,0.703546,-0.71065
80,84.0282,-32.2416,0.703478,-0.710717
80.1,84.1187,-32.3342,0.703406,-0.710788
80.2,84.2093,-32.4269,0.703331,-0.710863
80.3,84.2997,-32.5195,0.703252,-0.710941
80.4,84.3902,-32.6121,0.703169,-0.711023
80.5,84.4806,-32.7047,0.703083,-0.711108
80.6,84.5709,-32.7974,0.702994,-0.711196
80.7,84.6612,-32.89,0.702902,-0.711287
80.8,84.7515,-32.9826,0.702806,-0.711382
80.9,84.8417,-33.0752,0.702706,-0.71148
81,84.9318,-33.1678,0.702603,-0.711582
81.1,85.0219,-33.2605,0.702496,-0.711688
81.2,85.112,-33.3531,0.702372,-0.71181
81.3,85.2019,-33.4457,0.702249,-0.711931
81.4,85.2918,-33.5383,0.702111,-0.712067
81.5,85.3817,-33.6309,0.701976,-0.712201
81.6,85.4714,-33.7235,0.701826,-0.712348
81.7,85.5611,-33.8161,0.701665,-0.712507
81.8,85.6507,-33.9087,0.701493,-0.712676
81.9,85.7402,-34.0013,0.701313,-0.712854
82,85.8296,-34.0939,0.701124,-0.713039
82.1,85.9189,-34.1865,0.700938,-0.713222
82.2,86.0082,-34.279,0.700739,-0.713418
82.3,86.0973,-34.3716,0.70053,-0.713623
82.4,86.1864,-34.4642,0.700321,-0.713828
82.5,86.2753,-34.5568,0.700094,-0.71405
82.6,86.3642,-34.6494,0.699864,-0.714276
82.7,86.4529,-34.742,0.699612,-0.714523
82.8,86.5416,-34.8347,0.699354,-0.714775
82.9,86.6301,-34.9273,0.699132,-0.714992
83,86.7185,-35.0199,0.698938,-0.715182
83.1,86.8068,-35.1124,0.69875,-0.715366
83.2,86.895,-35.205,0.698538,-0.715573
83.3,86.983,-35.2975,0.698319,-0.715786
83.4,87.0709,-35.39,0.698087,-0.716013
83.5,87.1587,-35.4825,0.697842,-0.716252
83.6,87.2463,-35.5749,0.697571,-0.716515
83.7,87.3337,-35.6673,0.697272,-0.716807
83.8,87.4209,-35.7596,0.696943,-0.717127
83.9,87.5079,-35.8519,0.696571,-0.717488
84,87.5947,-35.9442,0.696149,-0.717898
84.1,87.6813,-36.0364,0.69567,-0.718361
84.2,87.7675,-36.1285,0.695143,-0.718872
84.3,87.8534,-36.2206,0.694572,-0.719423
84.4,87.9391,-36.3126,0.693967,-0.720007
84.5,88.0244,-36.4046,0.693334,-0.720616
84.6,88.1094,-36.4965,0.692791,-0.721138
84.7,88.194,-36.5883,0.692174,-0.72173
84.8,88.2783,-36.68,0.691492,-0.722384
84.9,88.3622,-36.7716,0.690748,-0.723095
85,88.4457,-36.8632,0.690175,-0.723642
85.1,88.5289,-36.9546,0.689532,-0.724255
85.2,88.6116,-37.0459,0.688792,-0.724959
85.3,88.6938,-37.137,0.687914,-0.725792
85.4,88.7754,-37.228,0.686859,-0.726791
85.5,88.8564,-37.3188,0.685633,-0.727947
85.6,88.9368,-37.4095,0.684362,-0.729142
85.7,89.0166,-37.5001,0.683234,-0.730199
85.8,89.0958,-37.5905,0.682216,-0.731151
85.9,89.1745,-37.6808,0.681082,-0.732207
86,89.2527,-37.771,0.679962,-0.733248
86.1,89.3304,-37.8611,0.679357,-0.733808
86.2,89.4077,-37.9509,0.678848,-0.734279
86.3,89.4845,-38.0406,0.678261,-0.734821
86.4,89.5608,-38.13,0.677488,-0.735534
86.5,89.6365,-38.2193,0.676324,-0.736604
86.6,89.7114,-38.3083,0.674735,-0.73806
86.7,89.7855,-38.3973,0.672951,-0.739687
86.8,89.8589,-38.4864,0.670663,-0.741763
86.9,89.9313,-38.576,0.666536,-0.745472
87,90.0028,-38.6656,0.664161,-0.74759
87.1,90.0738,-38.7553,0.662706,-0.74888
87.2,90.1441,-38.8447,0.661471,-0.749971
87.3,90.1994,-38.938,0.601267,-0.799048
87.4,90.2607,-39.0317,0.62167,-0.783279
87.5,90.3253,-39.1249,0.634348,-0.773048
87.6,90.3911,-39.2172,0.641489,-0.767132
87.7,90.4574,-39.3087,0.64534,-0.763895
87.8,90.5234,-39.3994,0.647006,-0.762485
87.9,90.5884,-39.4892,0.646701,-0.762744
88,90.652,-39.5792,0.64219,-0.766546
88.1,90.7153,-39.6697,0.639909,-0.768451
88.2,90.7777,-39.7609,0.636052,-0.771646
88.3,90.8371,-39.8536,0.622033,-0.782991
88.4,90.8993,-39.9446,0.636752,-0.771068
88.5,90.9627,-40.0346,0.643579,-0.765379
88.6,91.0257,-40.1238,0.645349,-0.763888
88.7,91.0881,-40.2127,0.644373,-0.764711
88.8,91.1488,-40.3022,0.638181,-0.769886
88.9,91.2075,-40.3928,0.628225,-0.778032
89,91.266,-40.4845,0.625348,-0.780346
89.1,91.3237,-40.5772,0.62049,-0.784215
89.2,91.3782,-40.6696,0.610471,-0.792039
89.3,91.4346,-40.7671,0.604436,-0.796653
89.4,91.4782,-40.8634,0.560342,-0.828262
89.5,91.5252,-40.9615,0.569732,-0.821831
89.6,91.5773,-41.062,0.583632,-0.812018
89.7,91.6311,-41.1604,0.596595,-0.802543
89.8,91.6814,-41.2574,0.588045,-0.808828
89.9,91.732,-41.353,0.594016,-0.804453
90,91.7797,-41.4501,0.579708,-0.814824
90.1,91.8098,-41.5584,0.480228,-0.877144
90.2,91.8424,-41.6706,0.482778,-0.875743
90.3,91.8807,-41.7768,0.523284,-0.852158
90.4,91.9209,-41.8811,0.537191,-0.843461
90.5,91.9655,-41.981,0.567287,-0.82352
90.6,92.0123,-42.0773,0.586872,-0.80968
90.7,92.0599,-42.1704,0.600074,-0.799945
90.8,92.1106,-42.2537,0.640817,-0.767694
90.9,92.1565,-42.3356,0.628149,-0.778093
91,92.2051,-42.4124,0.654983,-0.755644
91.1,92.2542,-42.4867,0.665384,-0.746501
91.2,92.2965,-42.5553,0.659686,-0.751541
91.3,92.3451,-42.6267,0.674447,-0.738323
91.4,92.3886,-42.7025,0.642277,-0.766473
91.5,92.4424,-42.7759,0.687639,-0.726052
91.6,92.5245,-42.8125,0.868113,-0.496367
91.7,92.5624,-42.8256,0.86085,-0.508858
91.8,92.613,-42.8559,0.825694,-0.564119
91.9,92.6564,-42.8933,0.778611,-0.627507
92,92.7059,-42.9351,0.780877,-0.624684
92.1,92.7375,-42.9813,0.702122,-0.712056
92.2,92.7709,-43.0126,0.77152,-0.636205
92.3,92.7481,-43.0122,0.618624,-0.785687
92.4,92.782,-43.0043,0.934154,-0.356869
92.5,92.8048,-43.0452,0.686698,-0.726943
92.6,92.8511,-43.099,0.728685,-0.684849
92.7,92.8722,-43.1435,0.663839,-0.747876
92.8,92.904,-43.1978,0.673512,-0.739176
92.9,92.9448,-43.2246,0.815868,-0.578238
93,92.9696,-43.2826,0.628672,-0.777671
93.1,93.0061,-43.3377,0.691685,-0.7222
93.2,93.0779,-43.3996,0.777251,-0.62919
93.3,93.1189,-43.4555,0.705928,-0.708284
93.4,93.166,-43.4566,0.924663,-0.380786
93.5,93.2263,-43.4577,0.93871,-0.344707
93.6,93.2666,-43.5047,0.735584,-0.677434
93.7,93.2875,-43.5339,0.735471,-0.677556
93.8,93.3496,-43.552,0.892628,-0.450794
93.9,93.362,-43.5759,0.721752,-0.692151
94,93.379,-43.6357,0.584282,-0.811551
94.1,93.41,-43.6898,0.674304,-0.738454
94.2,93.4224,-43.7456,0.577396,-0.816464
94.3,93.4438,-43.8507,0.470223,-0.882547
94.4,93.4743,-43.9375,0.564604,-0.825362
94.5,93.5063,-44.0031,0.642845,-0.765996
94.6,93.533,-44.067,0.626598,-0.779343
94.7,93.5643,-44.1595,0.555601,-0.831449
94.8,93.5477,-44.2662,0.269159,-0.963096
94.9,93.5421,-44.3241,0.473543,-0.880771
95,93.5242,-44.4101,0.306599,-0.951839
95.1,93.5559,-44.4898,0.606333,-0.795211
95.2,93.5832,-44.5506,0.655177,-0.755476
95.3,93.6064,-44.6217,0.600674,-0.799494
95.4,93.6151,-44.6529,0.700183,-0.713963
95.5,93.6464,-44.686,0.78717,-0.616737
95.6,93.6784,-44.7299,0.745438,-0.666575
95.7,93.7186,-44.7736,0.774451,-0.632634
95.8,93.7525,-44.8261,0.719453,-0.694541
95.9,93.8092,-44.9231,0.65367,-0.756779
96,93.8208,-44.993,0.554479,-0.832198
96.1,93.8441,-45.0739,0.577104,-0.816671
96.2,93.8577,-45.1285,0.629341,-0.777129
96.3,93.9061,-45.1576,0.857599,-0.514319
96.4,93.9563,-45.1805,0.88221,-0.470855
96.5,93.9784,-45.162,0.978077,-0.208246
96.6,94.0441,-45.1682,0.947706,-0.319145
96.7,94.0804,-45.1535,0.975394,-0.220471
96.8,94.1575,-45.1678,0.937556,-0.347834
96.9,94.2021,-45.22,0.760589,-0.649233
97,94.2732,-45.2299,0.942377,-0.334553
97.1,94.3412,-45.2262,0.967945,-0.251161
97.2,94.3998,-45.3152,0.683411,-0.730034
97.3,94.4568,-45.3543,0.8382,-0.545364
97.4,94.494,-45.3824,0.831416,-0.55565
97.5,94.508,-45.3662,0.963414,-0.268019
97.6,94.5026,-45.396,0.630041,-0.776562
97.7,94.5392,-45.4092,0.888143,-0.459567
97.8,94.5204,-45.4396,0.520281,-0.853995
97.9,94.5201,-45.4981,0.530771,-0.847515
98,94.476,-45.5776,0.136062,-0.9907
98.1,94.4547,-45.6299,0.405658,-0.914025
98.2,94.4653,-45.6732,0.672873,-0.739758
98.3,94.4631,-45.7022,0.675153,-0.737678
98.4,94.4979,-45.7487,0.762404,-0.647101
98.5,94.5869,-45.7917,0.888108,-0.459635
98.6,94.6273,-45.7613,0.999161,-0.0409513
98.7,94.7123,-45.7796,0.939354,-0.34295
98.8,94.819,-45.8429,0.861975,-0.50695
98.9,94.9184,-45.8495,0.967778,-0.251804
99,94.9541,-45.8623,0.894014,-0.44804
99.1,94.9559,-45.9117,0.590999,-0.806672
99.2,94.9932,-46.0354,0.524155,-0.851623
99.3,95.0368,-46.0905,0.759488,-0.650522
99.4,95.0277,-46.0827,0.890826,-0.454345
99.5,95.0414,-46.1585,0.561711,-0.827333
99.6,95.1298,-46.217,0.851048,-0.525088
99.7,95.2319,-46.2714,0.880335,-0.474353
99.8,95.2851,-46.316,0.824997,-0.565137
99.9,95.3424,-46.3108,0.972413,-0.233266
100,95.4348,-46.3241,0.955782,-0.294077
100.1,95.5002,-46.3451,0.916584,-0.399841
100.2,95.4962,-46.4659,0.344791,-0.938679
100.3,95.5152,-46.6178,0.398552,-0.917146
100.4,95.5025,-46.7085,0.372413,-0.928067
100.5,95.519,-46.7123,0.912383,-0.409337
100.6,95.5582,-46.7399,0.863943,-0.50359
100.7,95.5737,-46.735,0.945931,-0.324368
100.8,95.5576,-46.7312,0.856679,-0.515851
100.9,95.6695,-46.7465,0.965547,-0.260229
101,95.7848,-46.8193,0.861226,-0.508222
101.1,95.8076,-46.9502,0.463435,-0.886131
101.2,95.8009,-47.0603,0.369168,-0.929363
101.3,95.7972,-47.137,0.487691,-0.873016
101.4,95.7447,-47.2066,0.110319,-0.993896
101.5,95.7468,-47.2599,0.627767,-0.778401
101.6,95.815,-47.2956,0.900792,-0.434252
101.7,95.839,-47.3045,0.922279,-0.386524
101.8,95.8266,-47.3558,0.546354,-0.837555
101.9,95.8655,-47.4173,0.757121,-0.653275
102,95.9216,-47.4786,0.80612,-0.591753
102.1,95.9453,-47.4998,0.879005,-0.476813
102.2,95.9274,-47.5551,0.496026,-0.868307
102.3,95.9666,-47.5982,0.832541,-0.553963
102.4,96.0511,-47.6005,0.98272,-0.1851
102.5,96.091,-47.5685,0.998446,0.0557236
102.6,96.1178,-47.6037,0.828506,-0.55998
102.7,96.1552,-47.6563,0.791142,-0.611632
102.8,96.2214,-47.7299,0.796114,-0.605147
102.9,96.2406,-47.7446,0.902495,-0.4307
103,96.2523,-47.8078,0.654856,-0.755754
103.1,96.2926,-47.9057,0.652205,-0.758043
103.2,96.3604,-47.9745,0.82079,-0.57123
103.3,96.4365,-48.0013,0.942273,-0.334845
103.4,96.4498,-48.0998,0.543538,-0.839384
103.5,96.5423,-48.1531,0.90222,-0.431277
103.6,96.6926,-48.2404,0.891952,-0.452131
103.7,96.8126,-48.297,0.92144,-0.38852
103.8,96.8352,-48.4079,0.557266,-0.830334
103.9,96.8242,-48.4601,0.608869,-0.79327
104,96.8389,-48.5217,0.708002,-0.70621
104.1,96.8623,-48.552,0.87764,-0.47932
104.2,96.9037,-48.5502,0.987662,-0.156599
104.3,96.9668,-48.561,0.9746,-0.223951
104.4,96.9968,-48.5695,0.961792,-0.273781
104.5,97.0041,-48.6404,0.637337,-0.770585
104.6,97.0344,-48.7099,0.743836,-0.668362
104.7,97.0295,-48.7764,0.599068,-0.800698
104.8,97.0313,-48.8499,0.61198,-0.790873
104.9,97.037,-48.9102,0.696265,-0.717785
105,97.0167,-49.03,0.335934,-0.941886
105.1,96.9512,-49.1409,0.0263273,-0.999653
105.2,96.9487,-49.2047,0.660698,-0.750652
105.3,96.9132,-49.2802,0.362701,-0.931906
105.4,96.9387,-49.4484,0.47009,-0.882618
105.5,96.9547,-49.4953,0.843638,-0.536912
105.6,97.0257,-49.4827,0.999196,0.0400988
105.7,97.0778,-49.5096,0.962732,-0.270457
105.8,97.1068,-49.5507,0.899154,-0.437632
105.9,97.213,-49.6087,0.939125,-0.343577
106,97.2953,-49.6343,0.979381,-0.202023
106.1,97.3458,-49.6772,0.927998,-0.372586
106.2,97.3608,-49.7494,0.740355,-0.672216
106.3,97.3727,-49.8557,0.596478,-0.802629
106.4,97.4152,-49.969,0.697514,-0.716572
106.5,97.4632,-50.0752,0.74169,-0.670743
106.6,97.6177,-50.1639,0.93174,-0.363126
106.7,97.7647,-50.2144,0.976509,-0.215475
106.8,97.8867,-50.2738,0.960108,-0.27963
106.9,97.9574,-50.2509,0.981368,0.192136
107,97.9702,-50.2442,0.991161,0.132668
107.1,97.9914,-50.2839,0.931842,-0.362864
107.2,98.0249,-50.2751,0.991307,0.131571
107.3,98.0287,-50.2746,0.997326,0.073077
107.4,98.1341,-50.2466,0.982944,0.183905
107.5,98.1645,-50.2672,0.987339,-0.158626
107.6,98.2676,-50.2828,0.998067,-0.0621399
107.7,98.4136,-50.272,0.997216,0.0745694
107.8,98.5538,-50.2836,0.99954,-0.0303194
107.9,98.6412,-50.346,0.940867,-0.338777
108,98.6004,-50.4631,0.253678,-0.967289
108.1,98.6935,-50.6132,0.755995,-0.654577
108.2,98.7634,-50.6323,0.998944,-0.0459482
108.3,98.7019,-50.6082,0.186524,0.98245
108.4,98.6764,-50.6186,0.998591,0.0530683
108.5,98.6324,-50.6287,0.994485,0.10488
108.6,98.5997,-50.7241,0.401043,-0.916059
108.7,98.5509,-50.7228,0.778487,0.627661
108.8,98.5263,-50.7282,0.979653,0.200699
108.9,98.5055,-50.7801,0.785374,-0.619021
109,98.5061,-50.8773,0.643851,-0.765151
109.1,98.5645,-50.9711,0.854415,-0.519591
109.2,98.6265,-51.0219,0.971243,-0.23809
109.3,98.6852,-51.0491,0.998493,-0.0548771
109.4,98.8428,-51.1229,0.97346,-0.228855
109.5,99.0426,-51.1864,0.988843,-0.148963
109.6,99.2061,-51.0829,0.869717,0.493551
109.7,99.4013,-51.0063,0.931367,0.364081
109.8,99.4876,-51.0488,0.993635,-0.112643
109.9,99.5663,-51.114,0.96625,-0.257605
110,99.638,-51.1171,0.981999,0.188884
110.1,99.7471,-51.1273,0.993564,0.113269
110.2,99.8174,-51.2511,0.821006,-0.570919
110.3,99.9111,-51.3235,0.971542,-0.236867
110.4,99.9648,-51.2864,0.834024,0.551728
110.5,100.05,-51.2825,0.961478,0.274882
110.6,100.16,-51.2452,0.911811,0.410611
110.7,100.237,-51.2543,0.97604,0.217591
110.8,100.357,-51.2683,0.988954,0.14822
110.9,100.506,-51.3731,0.956764,-0.290864
111,100.678,-51.4347,0.997972,-0.0636533
111.1,100.83,-51.4204,0.949558,0.313592
111.2,100.863,-51.3874,0.662875,0.74873
111.3,100.854,-51.457,0.916508,-0.400016
111.4,100.901,-51.4898,0.970957,0.239255
111.5,100.954,-51.3998,0.545466,0.838133
111.6,101.002,-51.339,0.606969,0.794726
111.7,101.125,-51.4262,0.982807,-0.184638
111.8,101.387,-51.4869,0.999994,-0.00356098
111.9,101.39,-51.6241,0.380074,-0.924956
112,101.38,-51.6867,0.380074,-0.924956
112.1,101.439,-51.6231,0.541139,0.840933
112.2,101.495,-51.5688,0.544536,0.838738
112.3,101.556,-51.5944,0.895497,0.445067
112.4,101.626,-51.4963,0.474548,0.88023
112.5,101.715,-51.4931,0.829559,0.558419
112.6,101.609,-51.5201,-0.91142,0.411477
112.7,101.575,-51.5458,-0.366547,0.9304
112.8,101.558,-51.5041,0.0148791,0.999889
112.9,101.607,-51.4508,0.493359,0.869826
113,101.632,-51.3934,0.325456,0.945557
113.1,101.736,-51.3545,0.755433,0.655226
113.2,101.805,-51.503,0.715242,-0.698877
113.3,101.899,-51.6064,0.949823,-0.312787
113.4,101.985,-51.6656,0.993235,0.116122
113.5,102.065,-51.6752,0.80225,0.596988
113.6,102.155,-51.8387,0.67917,-0.733981
113.7,102.27,-51.9888,0.805645,-0.592399
113.8,102.431,-52.0299,0.983153,0.182785
113.9,102.496,-52.2027,0.43155,-0.902089
114,102.432,-52.3562,-0.679695,-0.733495
114.1,102.316,-52.454,-0.975699,-0.219115
114.2,102.341,-52.624,0.158393,-0.987376
114.3,102.396,-52.7561,0.586434,-0.809997
114.4,102.412,-52.7859,0.1579,0.987455
114.5,102.435,-52.6861,0.073156,0.997321
114.6,102.447,-52.6352,0.00765609,0.999971
114.7,102.505,-52.6037,0.41972,0.907653
114.8,102.46,-52.534,-0.385123,0.922865
114.9,102.5,-52.5164,0.294516,0.955647
115,102.644,-52.5095,0.86532,0.501219
115.1,102.767,-52.4574,0.662282,0.749254
115.2,102.883,-52.4185,0.668334,0.743861
115.3,102.831,-52.3438,-0.473329,0.880886
115.4,102.796,-52.3561,-0.735658,0.677353
115.5,102.916,-52.3447,0.779752,0.626088
115.6,103.014,-52.3159,0.613632,0.789593
115.7,103.086,-52.3275,0.64199,0.766713
115.8,103.13,-52.3643,0.47255,0.881304
115.9,103.241,-52.4101,0.977681,0.210095
116,103.344,-52.4066,0.734086,0.679056
116.1,103.354,-52.4139,-0.402291,0.915512
116.2,103.294,-52.38,-0.704286,0.709917
116.3,103.298,-52.3691,-0.380161,0.92492
116.4,103.347,-52.3705,0.244056,0.969761
116.5,103.492,-52.3757,0.893088,0.449882
116.6,103.607,-52.3728,0.779914,0.625887
116.7,103.617,-52.3731,-0.450115,0.89297
116.8,103.554,-52.3778,-0.88803,0.459785
116.9,103.473,-52.306,-0.672778,0.739844
117,103.35,-52.2968,-0.920781,0.39008
117.1,103.261,-52.3889,-0.969179,-0.246356
117.2,103.176,-52.4198,-0.966932,0.255036
117.3,103.107,-52.3717,-0.666522,0.745485
117.4,103.018,-52.3674,-0.869029,0.49476
117.5,102.971,-52.3064,-0.510813,0.859692
117.6,102.999,-52.2485,0.00462595,0.999989
117.7,102.909,-52.2659,-0.930114,0.367272
117.8,102.87,-52.3055,-0.932415,0.361391
117.9,102.901,-52.2557,0.0601713,0.998188
118,102.917,-52.2373,-0.122394,0.992482
118.1,102.948,-52.1727,0.0365235,0.999333
118.2,102.982,-52.14,0.0555658,0.998455
118.3,103.059,-52.1356,0.579176,0.815203
118.4,103.123,-52.2189,0.844674,-0.535281
118.5,103.069,-52.3158,-0.92732,-0.374269
118.6,103.093,-52.4433,-0.0773032,-0.997008
118.7,103.22,-52.5695,0.843908,-0.536487
118.8,103.292,-52.7078,0.490603,-0.871383
118.9,103.321,-52.8557,-0.00927117,-0.999957
119,103.436,-52.8773,0.896849,0.442337
119.1,103.57,-52.8339,0.695504,0.718522
119.2,103.655,-52.8574,0.806134,0.591733
119.3,103.623,-52.8207,-0.56876,0.822503
119.4,103.524,-52.8007,-0.855196,0.518304
119.5,103.449,-52.804,-0.882078,0.471103
119.6,103.493,-52.8848,0.551325,-0.83429
119.7,103.488,-52.925,-0.864134,0.503261
119.8,103.413,-52.9571,-0.961909,0.27337
119.9,103.347,-52.9538,-0.824284,0.566176
120,103.27,-52.9781,-0.93706,0.349169
120.1,103.27,-52.8791,-0.166519,0.986038
120.2,103.318,-52.7718,0.116374,0.993205
120.3,103.335,-52.7643,-0.181326,0.983423
120.4,103.353,-52.8201,-0.181326,0.983423
120.5,103.364,-52.8307,-0.343938,0.938993
120.6,103.386,-52.8584,-0.214297,0.976769
120.7,103.385,-52.9652,-0.590838,-0.80679
120.8,103.378,-53.1085,-0.409842,-0.912156
120.9,103.491,-53.1847,0.989775,-0.142638
121,103.518,-53.1649,-0.0421483,0.999111
121.1,103.551,-53.2256,-0.0421483,0.999111
121.2,103.623,-53.2514,0.738069,0.674725
121.3,103.623,-53.1762,-0.216694,0.97624
121.4,103.589,-53.1424,-0.568864,0.822432
121.5,103.568,-53.2856,-0.545301,-0.83824
121.6,103.514,-53.3857,-0.915272,-0.402836
121.7,103.47,-53.4262,-0.952011,0.306064
121.8,103.438,-53.4236,-0.663434,0.748235
121.9,103.44,-53.3844,-0.237292,0.971438
122,103.416,-53.3339,-0.407607,0.913158
122.1,103.36,-53.3173,-0.716681,0.697401
122.2,103.313,-53.3164,-0.744907,0.667168
122.3,103.234,-53.3735,-0.997163,0.0752693
122.4,103.131,-53.3574,-0.840586,0.541678
122.5,103.025,-53.3784,-0.942678,0.333705
122.6,102.893,-53.3569,-0.864918,0.501912
122.7,102.777,-53.4066,-0.991131,0.132891
122.8,102.737,-53.546,-0.616874,-0.787062
122.9,102.722,-53.5846,-0.702521,0.711663
123,102.689,-53.5374,-0.368938,0.929454
123.1,102.639,-53.5366,-0.675925,0.73697
123.2,102.753,-53.5917,0.99089,0.134677
123.3,102.855,-53.7056,0.888638,-0.458609
123.4,102.868,-53.796,-0.146326,-0.989236
123.5,102.879,-53.7804,-0.0470752,0.998891
123.6,102.937,-53.7337,0.34238,0.939562
123.7,102.946,-53.676,-0.064289,0.997931
123.8,103,-53.658,0.390083,0.92078
123.9,103.046,-53.6849,0.563026,0.826439
124,103.031,-53.7126,-0.650451,0.759548
124.1,103.069,-53.723,0.31712,0.948385
124.2,103.104,-53.6415,0.109159,0.994024
124.3,103.091,-53.5338,-0.186673,0.982422
124.4,103.014,-53.4557,-0.558666,0.829393
124.5,102.918,-53.4236,-0.760645,0.649168
124.6,102.989,-53.3766,0.421987,0.906602
124.7,103.131,-53.317,0.694705,0.719295
124.8,103.158,-53.167,0.0167518,0.99986
124.9,103.081,-53.1461,-0.758309,0.651895
125,102.992,-53.2348,-0.980239,-0.197816
125.1,102.9,-53.2458,-0.895539,0.444983
125.2,102.9,-53.2238,-0.207235,0.978291
125.3,102.901,-53.247,-0.364649,0.931145
125.4,102.881,-53.2752,-0.703761,0.710437
125.5,102.876,-53.2714,-0.318452,0.947939
125.6,102.823,-53.3101,-0.924995,0.37998
125.7,102.7,-53.375,-0.999776,0.0211654
125.8,102.712,-53.3943,-0.0463536,0.998925
125.9,102.772,-53.3705,0.444056,0.895999
126,102.769,-53.3852,-0.324788,0.945787
126.1,102.794,-53.3611,0.102509,0.994732
126.2,102.833,-53.2889,0.162967,0.986631
126.3,102.862,-53.1876,0.0638607,0.997959
126.4,102.907,-53.1251,0.205348,0.978689
126.5,102.975,-53.1438,0.70383,0.710369
126.6,103.003,-53.1671,0.168267,0.985741
126.7,103.02,-53.1568,-0.0566241,0.998396
126.8,103.15,-53.209,0.991277,0.131796
126.9,103.27,-53.2658,0.995546,0.094281
127,103.237,-53.3487,-0.956961,-0.290217
127.1,103.09,-53.4816,-0.930401,-0.366543
127.2,103.065,-53.5886,-0.755458,-0.655197
127.3,103.017,-53.581,-0.674912,0.737899
127.4,102.968,-53.4842,-0.383835,0.923402
127.5,102.861,-53.3962,-0.627282,0.778792
127.6,102.821,-53.2649,-0.275983,0.961163
127.7,102.841,-53.2286,0.0228277,0.999739
127.8,102.876,-53.2516,0.365084,0.930975
127.9,102.857,-53.2768,-0.658654,0.752446
128,102.778,-53.315,-0.95657,0.291502
128.1,102.727,-53.3172,-0.711734,0.702449
128.2,102.745,-53.2645,0.0267502,0.999642
128.3,102.716,-53.1875,-0.291648,0.956526
128.4,102.639,-53.1229,-0.571273,0.82076
128.5,102.542,-53.073,-0.68278,0.730624
128.6,102.431,-53.0985,-0.943791,0.330542
128.7,102.37,-53.1686,-0.999934,-0.0114919
128.8,102.423,-53.2291,0.980635,0.195846
128.9,102.492,-53.2375,0.700738,0.713419
129,102.473,-53.218,-0.312717,0.949846
129.1,102.469,-53.2445,-0.317593,0.948227
129.2,102.493,-53.3079,0.918643,0.395088
129.3,102.546,-53.2729,0.376437,0.926442
129.4,102.596,-53.2839,0.557405,0.830241
129.5,102.617,-53.2677,0.0941025,0.995562
129.6,102.526,-53.3235,-0.992255,0.124218
129.7,102.488,-53.3008,-0.471794,0.881709
129.8,102.557,-53.2289,0.387472,0.921881
129.9,102.582,-53.28,0.575267,0.817966
130,102.65,-53.2979,0.738202,0.67458
130.1,102.756,-53.2771,0.716634,0.69745
130.2,102.785,-53.2669,0.173244,0.984879
130.3,102.813,-53.3296,0.173244,0.984879
130.4,102.851,-53.4103,0.862195,-0.506577
130.5,102.949,-53.4372,0.891785,0.452459
130.6,103.027,-53.4366,0.655331,0.755341
130.7,103.039,-53.3806,-0.0636262,0.997974
130.8,103.028,-53.3842,-0.44738,0.894344
130.9,103.009,-53.4101,-0.685518,0.728056
131,103.017,-53.4439,-0.355669,0.934612
131.1,103.032,-53.4406,-0.0633706,0.99799
131.2,102.985,-53.4502,-0.76031,0.64956
131.3,102.874,-53.5081,-0.997345,0.0728243
131.4,102.786,-53.5013,-0.816068,0.577956
131.5,102.653,-53.5179,-0.944145,0.329531
131.6,102.572,-53.6253,-0.924628,-0.380873
131.7,102.618,-53.6666,0.784787,0.619765
131.8,102.615,-53.7417,-0.925496,-0.378758
131.9,102.522,-53.7629,-0.909147,0.416476
132,102.468,-53.8057,-0.921743,0.387801
132.1,102.402,-53.8156,-0.782128,0.623118
132.2,102.442,-53.7642,0.257064,0.966394
132.3,102.514,-53.6659,0.35613,0.934436
132.4,102.52,-53.6508,-0.0368349,0.999321
132.5,102.467,-53.598,-0.459345,0.888258
132.6,102.462,-53.5743,-0.147075,0.989125
132.7,102.484,-53.5796,0.201393,0.979511
132.8,102.511,-53.5709,0.210288,0.977639
132.9,102.573,-53.5,0.351141,0.936323
133,102.636,-53.5422,0.885456,0.464724
133.1,102.714,-53.5884,0.945027,0.326992
133.2,102.702,-53.6442,-0.891268,0.453477
133.3,102.587,-53.6034,-0.759664,0.650316
133.4,102.576,-53.5271,-0.152899,0.988242
133.5,102.573,-53.588,-0.868906,0.494977
133.6,102.535,-53.6661,-0.983428,-0.181299
133.7,102.548,-53.7266,-0.983428,-0.181299
133.8,102.524,-53.8067,-0.95097,-0.309285
133.9,102.425,-53.884,-0.997339,-0.0729011
134,102.274,-53.9006,-0.948153,0.317815
134.1,102.178,-53.8795,-0.743969,0.668214
134.2,102.188,-53.8226,0.0506139,0.998718
134.3,102.183,-53.7319,-0.0498683,0.998756
134.4,102.134,-53.644,-0.317357,0.948306
134.5,102.105,-53.6254,-0.336933,0.941528
134.6,102.154,-53.5561,0.323123,0.946357
134.7,102.2,-53.4407,0.224118,0.974562
134.8,102.112,-53.359,-0.519351,0.854561
134.9,102.024,-53.2475,-0.443898,0.896077
135,101.899,-53.3217,-0.999435,-0.0336038
135.1,101.815,-53.4393,-0.864964,-0.501834
135.2,101.806,-53.5135,-0.864964,-0.501834
135.3,101.793,-53.5712,-0.596918,0.802302
135.4,101.783,-53.6394,-0.596918,0.802302
135.5,101.76,-53.6673,-0.417728,0.908572
135.6,101.796,-53.7318,0.991169,0.132602
135.7,101.864,-53.7784,0.951627,0.307255
135.8,101.923,-53.8629,0.973765,-0.227556
135.9,102.043,-53.8554,0.842637,0.538482
136,102.091,-53.8502,0.532467,0.846451
136.1,102.129,-53.9359,0.919194,-0.393806
136.2,102.207,-53.9904,0.979487,0.201507
136.3,102.3,-53.9867,0.7707,0.637198
136.4,102.306,-53.8342,0.00652653,0.999979
136.5,102.218,-53.8354,-0.806694,0.59097
136.6,102.149,-53.9542,-0.833675,-0.552256
136.7,102.146,-54.0663,-0.12129,-0.992617
136.8,102.102,-54.0943,-0.739917,0.672699
136.9,102.087,-54.1176,-0.351601,0.93615
137,102.163,-54.184,0.998852,0.0479062
137.1,102.17,-54.2023,0.0868323,0.996223
137.2,102.194,-54.1662,0.195358,0.980732
137.3,102.142,-54.1445,-0.520075,0.854121
137.4,102.079,-54.1159,-0.552301,0.833645
137.5,102.18,-54.0752,0.668096,0.744075
137.6,102.226,-54.0634,0.471238,0.882006
137.7,102.147,-53.9731,-0.462905,0.886408
137.8,102.066,-53.9615,-0.714908,0.699218
137.9,102.068,-54.0148,0.0601971,0.998186
138,102.046,-54.0365,-0.433701,0.901057
138.1,102.024,-54.1318,-0.670054,-0.742312
138.2,101.99,-54.2887,-0.365756,-0.930711
138.3,101.973,-54.3751,-0.726854,-0.686792
138.4,102.012,-54.375,0.493608,0.869684
138.5,101.986,-54.4024,-0.530839,0.847473
138.6,101.986,-54.4422,0.0211361,0.999777
138.7,102.024,-54.4862,0.827066,0.562104
138.8,102.108,-54.483,0.753566,0.657373
138.9,102.211,-54.4336,0.647706,0.76189
139,102.322,-54.4481,0.888296,0.459272
139.1,102.453,-54.5215,0.999605,-0.0281134
139.2,102.682,-54.5201,0.952483,0.304593
139.3,102.794,-54.475,0.666042,0.745914
139.4,102.783,-54.4493,-0.237279,0.971442
139.5,102.816,-54.4036,0.174896,0.984587
139.6,102.846,-54.4367,0.434502,0.900671
139.7,102.863,-54.438,0.0643173,0.99793
139.8,102.814,-54.4392,-0.681894,0.731451
139.9,102.763,-54.3613,-0.39577,0.91835
140,102.738,-54.3236,-0.332437,0.943126
140.1,102.826,-54.4088,0.978751,-0.205054
140.2,102.992,-54.4863,0.99838,-0.0569019
140.3,103.106,-54.5831,0.961367,-0.27527
140.4,103.088,-54.5816,-0.443304,0.896371
140.5,103.097,-54.4774,-0.0435292,0.999052
140.6,103.154,-54.3955,0.257533,0.96627
140.7,103.282,-54.346,0.685288,0.728272
140.8,103.315,-54.3344,0.170385,0.985378
140.9,103.336,-54.329,0.00299736,0.999995
141,103.29,-54.2367,-0.382773,0.923842
141.1,103.231,-54.1962,-0.595765,0.803159
141.2,103.262,-54.1528,0.103297,0.994651
141.3,103.354,-54.117,0.5688,0.822476
141.4,103.364,-54.1361,-0.243295,0.969952
141.5,103.28,-54.088,-0.675962,0.736937
141.6,103.303,-54.1468,-0.675962,0.736937
141.7,103.294,-54.2266,-0.919407,-0.393307
141.8,103.348,-54.2999,0.981781,-0.190016
141.9,103.393,-54.3655,0.99888,0.0473137
142,103.397,-54.4227,-0.881433,0.472308
142.1,103.431,-54.4267,0.208022,0.978124
142.2,103.42,-54.4285,-0.445084,0.895489
142.3,103.396,-54.4044,-0.451786,0.892127
142.4,103.391,-54.4666,-0.985516,0.169584
142.5,103.367,-54.5634,-0.826618,-0.562764
142.6,103.336,-54.6109,-0.935132,0.354299
142.7,103.406,-54.62,0.653945,0.756542
142.8,103.469,-54.649,0.752345,0.658769
142.9,103.474,-54.6995,-0.705382,0.708828
143,103.451,-54.7274,-0.74975,0.661721
143.1,103.448,-54.6635,-0.178002,0.98403
143.2,103.455,-54.6381,-0.150156,0.988662
143.3,103.362,-54.617,-0.790956,0.611873
143.4,103.278,-54.577,-0.698293,0.715812
143.5,103.213,-54.6633,-0.975754,-0.218872
143.6,103.217,-54.7255,-0.975754,-0.218872
143.7,103.291,-54.8315,0.828682,-0.55972
143.8,103.388,-54.8766,0.961716,0.274049
143.9,103.513,-54.8849,0.873388,0.487025
144,103.578,-54.8149,0.307659,0.951497
144.1,103.588,-54.7568,-0.0958089,0.9954
144.2,103.717,-54.7387,0.783752,0.621074
144.3,103.71,-54.8113,-0.976713,-0.214552
144.4,103.697,-54.8456,-0.755005,0.655719
144.5,103.77,-54.873,0.793117,0.609069
144.6,103.794,-54.9001,-0.00785376,0.999969
144.7,103.769,-54.8671,-0.447798,0.894135
144.8,103.674,-54.7962,-0.65476,0.755837
144.9,103.533,-54.8397,-0.990686,0.136169
145,103.468,-54.9061,-0.99999,0.00454221
145.1,103.466,-55.0094,-0.535925,-0.844266
145.2,103.397,-55.0523,-0.964673,0.263451
145.3,103.406,-55.173,-0.177601,-0.984103
145.4,103.425,-55.2484,-0.177601,-0.984103
145.5,103.382,-55.2655,-0.773437,0.633874
145.6,103.359,-55.3284,-0.99304,0.117775
145.7,103.356,-55.3453,-0.375499,0.926823
145.8,103.366,-55.3248,-0.0758022,0.997123
145.9,103.368,-55.3032,-0.172719,0.984971
146,103.386,-55.2973,0.00339884,0.999994
146.1,103.354,-55.2723,-0.467216,0.884143
146.2,103.344,-55.2725,-0.375093,0.926987
146.3,103.364,-55.17,0.0158476,0.999874
146.4,103.382,-55.124,-0.00056487,1
146.5,103.388,-55.1523,-0.299056,0.954236
146.6,103.466,-55.1881,0.882528,0.470261
146.7,103.506,-55.2102,0.419168,0.907909
146.8,103.424,-55.2557,-0.977711,0.209955
146.9,103.341,-55.2513,-0.814402,0.580301
147,103.284,-55.2127,-0.57346,0.819234
147.1,103.221,-55.1719,-0.591258,0.806482
147.2,103.256,-55.1103,0.143232,0.989689
147.3,103.328,-55.0819,0.499196,0.866489
147.4,103.449,-55.0421,0.692393,0.72152
147.5,103.537,-54.9735,0.449543,0.893259
147.6,103.651,-54.9876,0.871839,0.489793
147.7,103.664,-54.9948,-0.156443,0.987687
147.8,103.591,-54.9215,-0.561293,0.827617
147.9,103.551,-54.9527,-0.86792,0.496704
148,103.49,-54.9519,-0.770203,0.637799
148.1,103.471,-54.9233,-0.380338,0.924848
148.2,103.443,-54.9314,-0.636069,0.771632
148.3,103.437,-54.9704,-0.6698,0.742542
148.4,103.446,-54.9494,-0.116202,0.993226
148.5,103.438,-54.8714,-0.185063,0.982727
148.6,103.475,-54.8037,0.12494,0.992164
148.7,103.544,-54.7808,0.472315,0.88143
148.8,103.559,-54.7747,-0.0889137,0.996039
148.9,103.576,-54.7599,-0.057236,0.998361
149,103.661,-54.6237,0.296022,0.955181
149.1,103.782,-54.5209,0.503429,0.864037
149.2,103.916,-54.5066,0.803836,0.594852
149.3,104.039,-54.4578,0.646756,0.762697
149.4,104.138,-54.4461,0.67862,0.73449
149.5,104.254,-54.3269,0.4282,0.903684
149.6,104.332,-54.244,0.300615,0.953745
149.7,104.332,-54.1578,-0.227074,0.973877
149.8,104.374,-54.0676,0.0554614,0.998461
149.9,104.408,-54.0764,-0.0344684,0.999406
150,104.457,-54.0874,0.263875,0.964557
150.1,104.506,-53.9861,0.0801598,0.996782
150.2,104.477,-53.9641,-0.632163,0.774836
150.3,104.576,-53.8446,0.328505,0.944502
150.4,104.644,-53.7622,0.19979,0.979839
150.5,104.569,-53.6659,-0.599539,0.800346
150.6,104.626,-53.6359,0.189815,0.98182
150.7,104.701,-53.5862,0.304697,0.952449
150.8,104.67,-53.5613,-0.669698,0.742634
150.9,104.643,-53.6081,-0.991222,0.132209
151,104.738,-53.6468,0.949852,0.312699
151.1,104.844,-53.6318,0.667884,0.744266
151.2,104.907,-53.5926,0.201509,0.979487
151.3,104.935,-53.5899,-0.260765,0.965402
151.4,104.886,-53.658,-0.98911,-0.147175
151.5,104.797,-53.8165,-0.786991,-0.616964
151.6,104.855,-53.9118,0.380848,-0.924638
151.7,104.983,-53.9405,0.952232,0.305377
151.8,105.082,-54.01,0.972299,-0.233743
151.9,105.119,-54.0472,-0.264084,0.9645
152,105.04,-54.0532,-0.926524,0.376235
152.1,104.996,-54.0511,-0.830487,0.557038
152.2,105.04,-54.0797,0.100871,0.994899
152.3,105.016,-54.0447,-0.585002,0.811032
152.4,104.977,-54.067,-0.922926,0.384977
152.5,104.91,-54.1187,-0.999032,0.043982
152.6,104.82,-54.1807,-0.999311,-0.0371145
152.7,104.85,-54.2627,-0.364788,-0.931091
152.8,104.854,-54.3596,-0.666414,-0.745582
152.9,104.877,-54.4102,-0.883212,0.468974
153,104.878,-54.4683,-0.999891,0.0147747
153.1,104.844,-54.5033,-0.949271,0.314458
153.2,104.814,-54.5671,-0.997716,-0.0675467
153.3,104.912,-54.5416,0.583976,0.811771
153.4,104.979,-54.5484,0.484731,0.874663
153.5,104.949,-54.5639,-0.843145,0.537687
153.6,104.958,-54.6339,-0.933781,-0.357845
153.7,104.927,-54.6741,-0.964818,0.262918
153.8,104.842,-54.7573,-0.981259,-0.192694
153.9,104.77,-54.7976,-0.983725,0.179678
154,104.733,-54.7998,-0.776505,0.630111
154.1,104.708,-54.8631,-0.999142,-0.0414272
154.2,104.718,-54.8408,-0.278924,0.960313
154.3,104.74,-54.8346,-0.17749,0.984123
154.4,104.753,-54.7652,-0.167255,0.985914
154.5,104.788,-54.7191,0.000726135,1
154.6,104.816,-54.8008,-0.30405,-0.952656
154.7,104.792,-54.8416,-0.951546,0.307507
154.8,104.735,-54.7703,-0.569636,0.821897
154.9,104.7,-54.6648,-0.386703,0.922204
155,104.614,-54.5552,-0.578845,0.815437
155.1,104.584,-54.4872,-0.45242,0.891805
155.2,104.611,-54.5156,-0.250944,0.968002
155.3,104.584,-54.5257,-0.775089,0.631852
155.4,104.496,-54.494,-0.798083,0.602547
155.5,104.456,-54.4633,-0.624831,0.78076
155.6,104.475,-54.3963,-0.114781,0.993391
155.7,104.517,-54.3107,0.0499912,0.99875
155.8,104.52,-54.2839,-0.345261,0.938506
155.9,104.548,-54.2133,-0.0573601,0.998354
156,104.562,-54.152,-0.179855,0.983693
156.1,104.547,-54.1128,-0.462416,0.886663
156.2,104.543,-54.0248,-0.265583,0.964088
156.3,104.51,-53.9635,-0.508636,0.860982
156.4,104.566,-54.0125,0.875679,0.482894
156.5,104.622,-54.0851,0.807368,-0.590049
156.6,104.68,-54.1336,0.892869,0.450316
156.7,104.761,-54.173,0.911686,0.410889
156.8,104.792,-54.1277,-0.0764256,0.997075
156.9,104.748,-54.0449,-0.506744,0.862097
157,104.743,-53.8982,-0.214529,0.976718
157.1,104.73,-53.815,-0.350926,0.936403
157.2,104.697,-53.8104,-0.77144,0.636302
157.3,104.75,-53.8016,0.190045,0.981776
157.4,104.822,-53.7473,0.272817,0.962066
157.5,104.825,-53.6394,-0.235864,0.971786
157.6,104.859,-53.6094,-0.0933266,0.995636
157.7,104.808,-53.7236,-0.847409,-0.53094
157.8,104.685,-53.736,-0.967238,0.253873
157.9,104.614,-53.6485,-0.612398,0.79055
158,104.536,-53.5631,-0.640001,0.768374
158.1,104.405,-53.5479,-0.921632,0.388066
158.2,104.242,-53.605,-0.99999,0.00444414
158.3,104.174,-53.4856,-0.507644,0.861567
158.4,104.163,-53.3577,-0.246365,0.969177
158.5,104.129,-53.2111,-0.332826,0.942988
158.6,104.099,-53.0777,-0.337492,0.941328
158.7,104.115,-52.9657,-0.135508,0.990776
158.8,104.254,-52.9977,0.969463,0.245236
158.9,104.392,-52.9799,0.791238,0.611509
159,104.429,-52.8977,-0.0503542,0.998731
159.1,104.463,-52.8584,-0.107722,0.994181
159.2,104.513,-52.9058,-0.107722,0.994181
159.3,104.572,-52.9561,-0.107722,0.994181
159.4,104.55,-52.9662,-0.847913,0.530135
159.5,104.44,-52.9982,-0.990889,0.13468
159.6,104.467,-53.0803,-0.514717,-0.85736
159.7,104.601,-53.1404,0.998185,-0.0602171
159.8,104.616,-53.1959,-0.998479,-0.0551295
159.9,104.583,-53.2561,-0.997027,-0.0770532
160,104.539,-53.3504,-0.911229,-0.411901
160.1,104.51,-53.4692,-0.745452,-0.66656
160.2,104.413,-53.5744,-0.943547,-0.331238
160.3,104.413,-53.7276,-0.384486,-0.923131
160.4,104.381,-53.762,-0.94525,0.326348
160.5,104.289,-53.704,-0.739971,0.672639
160.6,104.201,-53.7319,-0.96962,0.244617
160.7,104.237,-53.7315,0.0179849,0.999838
160.8,104.239,-53.6921,-0.323936,0.946079
160.9,104.195,-53.734,-0.975951,0.21799
161,104.163,-53.778,-0.972308,0.233702
161.1,104.21,-53.6621,0.0664412,0.99779
161.2,104.152,-53.6036,-0.619777,0.784778
161.3,104.025,-53.7057,-0.968286,-0.249845
161.4,103.936,-53.7748,-0.99808,-0.0619346
161.5,103.993,-53.9067,0.34155,-0.939864
161.6,104.051,-53.9708,0.997701,-0.0677676
161.7,104.166,-53.9659,0.77513,0.631801
161.8,104.277,-53.9111,0.552557,0.833475
161.9,104.341,-53.8791,0.305582,0.952166
162,104.412,-53.8723,0.454716,0.890637
162.1,104.417,-53.8692,-0.451122,0.892462
162.2,104.447,-53.8331,-0.0700466,0.997544
162.3,104.421,-53.7628,-0.443389,0.896329
162.4,104.402,-53.7831,-0.830515,0.556996
162.5,104.474,-53.785,0.514939,0.857227
162.6,104.589,-53.6466,0.365619,0.930765
162.7,104.616,-53.467,-0.056089,0.998426
162.8,104.606,-53.2945,-0.223476,0.974709
162.9,104.579,-53.1901,-0.406083,0.913836
163,104.527,-53.1278,-0.635181,0.772364
163.1,104.537,-53.0151,-0.198458,0.980109
163.2,104.43,-52.8985,-0.667428,0.744675
163.3,104.306,-52.7891,-0.719187,0.694817
163.4,104.134,-52.7245,-0.87717,0.480181
163.5,104.027,-52.7107,-0.908763,0.417312
163.6,103.982,-52.7326,-0.930119,0.367259
163.7,104.051,-52.7491,0.568415,0.822742
163.8,103.926,-52.7182,-0.886386,0.462948
163.9,103.825,-52.6573,-0.768241,0.64016
164,103.833,-52.6987,-0.891274,0.453465
164.1,103.886,-52.8859,0.10221,-0.994763
164.2,103.962,-53.0017,0.557828,-0.829957
164.3,103.965,-53.0103,-0.576497,0.817099
164.4,103.935,-52.9118,-0.39886,0.917012
164.5,103.833,-52.842,-0.740508,0.672047
164.6,103.789,-52.8164,-0.697748,0.716343
164.7,103.777,-52.8158,-0.637119,0.770765
164.8,103.82,-52.7716,0.06127,0.998121
164.9,103.819,-52.7311,-0.372403,0.928071
165,103.829,-52.7474,-0.570866,0.821043
165.1,103.73,-52.732,-0.88132,0.472519
165.2,103.633,-52.7353,-0.924013,0.382361
165.3,103.565,-52.7838,-0.993821,0.110991
165.4,103.654,-52.8866,0.795237,-0.606298
165.5,103.677,-52.9833,-0.308657,-0.951173
165.6,103.657,-53.0207,-0.917498,0.39774
165.7,103.587,-53.0412,-0.929915,0.367774
165.8,103.61,-53.107,-0.929915,0.367774
165.9,103.692,-53.022,0.319829,0.947475
166,103.772,-52.8916,0.232459,0.972606
166.1,103.741,-52.8715,-0.647087,0.762417
166.2,103.709,-52.9571,-0.935652,-0.352923
166.3,103.788,-53.0887,0.530425,-0.847732
166.4,103.837,-53.1089,0.326987,0.945029
166.5,103.857,-52.9883,-0.0877433,0.996143
166.6,103.753,-52.9428,-0.800364,0.599514
166.7,103.596,-53.092,-0.908474,-0.417942
166.8,103.456,-53.1702,-0.995713,-0.0924978
166.9,103.336,-53.1133,-0.77755,0.628821
167,103.27,-53.2044,-0.961487,-0.27485
167.1,103.293,-53.2464,-0.128009,0.991773
167.2,103.324,-53.1731,0.0415885,0.999135
167.3,103.344,-53.1968,-0.178604,0.983921
167.4,103.281,-53.2143,-0.88578,0.464106
167.5,103.283,-53.2206,-0.386823,0.922154
167.6,103.251,-53.1348,-0.358434,0.933555
167.7,103.17,-53.0017,-0.472286,0.881445
167.8,103.193,-52.9791,-0.0299909,0.99955
167.9,103.259,-53.0353,0.976139,0.217148
168,103.316,-53.0425,0.468547,0.883439
168.1,103.279,-52.9616,-0.405655,0.914026
168.2,103.233,-52.8482,-0.384966,0.922931
168.3,103.174,-52.7808,-0.551665,0.834066
168.4,103.141,-52.7774,-0.665125,0.746732
168.5,103.202,-52.9254,0.388408,-0.921487
168.6,103.163,-53.0242,-0.888629,-0.458626
168.7,103.015,-53.0472,-0.971057,0.238847
168.8,103.029,-52.8821,-0.0388485,0.999245
168.9,102.995,-52.8093,-0.379817,0.925061
169,103.018,-52.8785,-0.379817,0.925061
169.1,103.035,-52.8602,-0.0693066,0.997595
169.2,103.141,-52.8529,0.745639,0.66635
169.3,103.208,-52.7721,0.27328,0.961935
169.4,103.187,-52.5674,-0.179149,0.983822
169.5,103.32,-52.5831,0.908292,0.418336
169.6,103.313,-52.6645,-0.900843,-0.434146
169.7,103.276,-52.7075,-0.959841,0.280543
169.8,103.377,-52.679,0.611322,0.791382
169.9,103.545,-52.5485,0.577849,0.816144
170,103.544,-52.4132,-0.19082,0.981625
170.1,103.453,-52.3173,-0.63812,0.769937
170.2,103.455,-52.2501,-0.268012,0.963416
170.3,103.353,-52.2358,-0.886524,0.462682
170.4,103.294,-52.2981,-0.99968,-0.025305
170.5,103.227,-52.2712,-0.753811,0.657092
170.6,103.264,-52.296,0.0937414,0.995597
170.7,103.401,-52.376,0.984131,-0.177445
170.8,103.51,-52.2803,0.425474,0.904971
170.9,103.46,-52.1922,-0.51684,0.856082
171,103.473,-52.1444,-0.237865,0.971298
171.1,103.453,-52.2218,-0.950164,-0.311749
171.2,103.357,-52.2302,-0.936447,0.35081
171.3,103.333,-52.1808,-0.481612,0.876384
171.4,103.276,-52.2447,-0.999008,-0.0445403
171.5,103.147,-52.272,-0.979397,0.201942
171.6,103.038,-52.1845,-0.684094,0.729394
171.7,102.926,-52.1323,-0.775487,0.631364
171.8,102.833,-52.0747,-0.706292,0.707921
171.9,102.733,-52.002,-0.673265,0.739402
172,102.692,-51.9243,-0.417051,0.908883
172.1,102.605,-51.9653,-0.975375,0.220552
172.2,102.488,-52.077,-0.951071,-0.308973
172.3,102.447,-52.2067,-0.679121,-0.734027
172.4,102.359,-52.1228,-0.553386,0.832925
172.5,102.315,-52.0359,-0.338996,0.940788
172.6,102.409,-51.9089,0.391253,0.920283
172.7,102.387,-51.7789,-0.179897,0.983685
172.8,102.328,-51.7112,-0.475957,0.879468
172.9,102.488,-51.7207,0.926652,0.375919
173,102.51,-51.7327,0.0507333,0.998712
173.1,102.469,-51.7489,-0.763918,0.645314
173.2,102.419,-51.8553,-0.869314,-0.49426
173.3,102.367,-51.8695,-0.781114,0.624389
173.4,102.28,-51.7605,-0.489683,0.871901
173.5,102.246,-51.8352,-0.992343,-0.123515
173.6,102.347,-51.8188,0.730726,0.682671
173.7,102.422,-51.7134,0.33337,0.942796
173.8,102.503,-51.6612,0.469413,0.882979
173.9,102.565,-51.7023,0.848375,0.529396
174,102.624,-51.6824,0.402476,0.915431
174.1,102.655,-51.6359,0.0552249,0.998474
174.2,102.567,-51.6748,-0.974884,0.222712
174.3,102.53,-51.6202,-0.438177,0.898889
174.4,102.518,-51.604,-0.381537,0.924353
174.5,102.517,-51.668,-0.992869,0.119206
174.6,102.467,-51.6787,-0.785579,0.618762
174.7,102.42,-51.5867,-0.379745,0.925091
174.8,102.327,-51.6124,-0.935573,0.353132
174.9,102.233,-51.7107,-0.964494,-0.264105
175,102.334,-51.6403,0.54926,0.835651
175.1,102.492,-51.6912,0.992501,0.122235
175.2,102.546,-51.781,0.839338,-0.543609
175.3,102.383,-51.8905,-0.974226,-0.225574
175.4,102.217,-51.9178,-0.974462,0.224553
175.5,102.129,-52.0072,-0.979067,-0.203537
175.6,102.162,-52.2051,0.211401,-0.977399
175.7,102.239,-52.3847,0.552202,-0.83371
175.8,102.294,-52.3858,0.565778,0.824558
175.9,102.25,-52.3141,-0.348514,0.937304
176,102.202,-52.3303,-0.720218,0.693747
176.1,102.259,-52.3052,0.473815,0.880624
176.2,102.216,-52.3172,-0.661873,0.749616
176.3,102.177,-52.2791,-0.386281,0.922381
176.4,102.228,-52.1906,0.276809,0.960925
176.5,102.24,-52.2096,0.088714,0.996057
176.6,102.307,-52.2223,0.72183,0.69207
176.7,102.344,-52.2858,0.978688,0.205352
176.8,102.247,-52.3834,-0.96683,-0.255419
176.9,102.105,-52.4021,-0.946791,0.321848
177,102.029,-52.3375,-0.505579,0.862781
177.1,102.073,-52.2218,0.226208,0.974079
177.2,101.946,-52.1176,-0.595357,0.803461
177.3,101.814,-52.1355,-0.928727,0.370764
177.4,101.826,-52.1945,0.861765,0.507308
177.5,101.871,-52.0651,0.247576,0.968868
177.6,101.924,-52.0731,0.679594,0.733589
177.7,101.821,-52.1513,-0.996657,-0.0816934
177.8,101.772,-52.1213,-0.39798,0.917394
177.9,101.767,-52.0007,0.0161836,0.999869
178,101.714,-51.9681,-0.402003,0.915639
178.1,101.776,-52.0259,0.987222,0.159351
178.2,101.814,-52.0412,0.647106,0.7624
178.3,101.811,-52.1041,0.647106,0.7624
178.4,101.806,-52.2154,0.0208302,-0.999783
178.5,101.791,-52.2541,-0.263799,0.964578
178.6,101.886,-52.3323,0.996499,-0.0836076
178.7,101.99,-52.4737,0.833299,-0.552823
178.8,101.915,-52.541,-0.999325,0.0367271
178.9,101.768,-52.5761,-0.972239,0.23399
179,101.674,-52.6914,-0.887536,-0.460738
179.1,101.544,-52.5955,-0.594041,0.804435
179.2,101.491,-52.5348,-0.298828,0.954307
179.3,101.46,-52.4802,-0.142309,0.989822
179.4,101.473,-52.4814,0.384122,0.923283
179.5,101.561,-52.6133,0.852088,-0.523399
179.6,101.557,-52.6059,0.0888547,0.996045
179.7,101.502,-52.5676,-0.373448,0.927651
179.8,101.604,-52.4748,0.581344,0.813658
179.9,101.693,-52.3723,0.504394,0.863474
180,101.785,-52.2066,0.395695,0.918382
180.1,101.803,-52.1675,0.223316,0.974746
180.2,101.933,-52.2067,0.975671,0.21924
180.3,102.013,-52.2237,0.840727,0.541459
180.4,101.915,-52.2808,-0.991672,0.128793
180.5,101.972,-52.348,0.998946,0.0458945
180.6,102.06,-52.3607,0.839669,0.543099
180.7,102.102,-52.2078,0.178974,0.983854
180.8,102.127,-52.2096,0.298849,0.9543
180.9,102.068,-52.3608,-0.615029,-0.788505
181,102.082,-52.4241,-0.615029,-0.788505
181.1,102.017,-52.5716,-0.657576,-0.753389
181.2,102.037,-52.6045,0.46753,0.883977
181.3,102.002,-52.4711,-0.17576,0.984433
181.4,101.905,-52.4191,-0.622981,0.782237
181.5,101.824,-52.3667,-0.5385,0.842626
181.6,101.72,-52.2484,-0.465604,0.884993
181.7,101.619,-52.2603,-0.84885,0.528634
181.8,101.58,-52.3037,-0.722671,0.691192
181.9,101.608,-52.2638,0.346638,0.937999
182,101.655,-52.2567,0.615669,0.788005
182.1,101.7,-52.1804,0.355458,0.934693
182.2,101.766,-52.198,0.825368,0.564595
182.3,101.774,-52.1863,0.189918,0.9818
182.4,101.866,-52.0349,0.409966,0.912101
182.5,101.898,-51.951,0.228866,0.973458
182.6,101.796,-51.9545,-0.830081,0.557643
182.7,101.603,-52.0057,-0.995097,0.0989084
182.8,101.517,-52.1327,-0.776311,-0.63035
182.9,101.609,-52.2068,0.99855,-0.0538388
183,101.591,-52.2665,0.99855,-0.0538388
183.1,101.411,-52.2901,-0.965516,0.260343
183.2,101.354,-52.4729,-0.324171,-0.945999
183.3,101.556,-52.5089,0.989746,0.142838
183.4,101.796,-52.4203,0.848354,0.52943
183.5,101.804,-52.4592,0.417885,0.9085
183.6,101.784,-52.4398,-0.166478,0.986045
183.7,101.81,-52.4889,0.844538,0.535496
183.8,101.886,-52.4777,0.708743,0.705467
183.9,101.932,-52.4871,0.633384,0.773838
184,101.913,-52.4964,-0.274189,0.961676
184.1,101.903,-52.5674,-0.274189,0.961676
184.2,101.981,-52.6104,0.949368,0.314166
184.3,101.977,-52.5469,-0.0279196,0.99961
184.4,101.961,-52.6081,-0.87546,0.483291
184.5,101.936,-52.704,-0.668391,-0.74381
184.6,102.019,-52.6567,0.585519,0.810658
184.7,102.071,-52.6539,0.573097,0.819487
184.8,102.146,-52.6727,0.819535,0.573029
184.9,102.172,-52.6032,0.15956,0.987188
185,102.203,-52.4818,0.135565,0.990768
185.1,102.265,-52.5409,0.982602,0.185723
185.2,102.356,-52.7277,0.579734,-0.814806
185.3,102.397,-52.8093,0.932319,-0.361636
185.4,102.415,-52.8609,0.421784,0.906696
185.5,102.367,-52.8884,-0.811264,0.58468
185.6,102.399,-52.8414,0.200125,0.97977
185.7,102.406,-52.8025,-0.0226289,0.999744
185.8,102.336,-52.7242,-0.47946,0.877564
185.9,102.321,-52.6864,-0.216372,0.976311
186,102.47,-52.8022,0.950464,-0.310834
186.1,102.501,-52.7655,0.174175,0.984715
186.2,102.465,-52.7683,-0.591824,0.806067
186.3,102.542,-52.7912,0.817107,0.576486
186.4,102.633,-52.7742,0.673496,0.739191
186.5,102.577,-52.7116,-0.480586,0.876948
186.6,102.378,-52.6955,-0.929451,0.368947
186.7,102.354,-52.6692,-0.337039,0.941491
186.8,102.52,-52.6964,0.965775,0.259383
186.9,102.619,-52.7853,0.973423,-0.229014
187,102.581,-52.9463,-0.494559,-0.869144
187.1,102.467,-53.0777,-0.898044,-0.439905
187.2,102.457,-53.168,-0.700253,-0.713895
187.3,102.479,-53.1729,0.187317,0.9823
187.4,102.482,-53.1597,-0.0879619,0.996124
187.5,102.58,-53.213,0.983973,0.178318
187.6,102.576,-53.23,-0.302966,0.953001
187.7,102.525,-53.2229,-0.644374,0.764711
187.8,102.583,-53.2093,0.497128,0.867677
187.9,102.664,-53.2575,0.957609,0.28807
188,102.575,-53.3792,-0.888838,-0.458222
188.1,102.572,-53.5461,-0.155236,-0.987877
188.2,102.518,-53.6241,-0.990869,-0.13483
188.3,102.538,-53.7168,0.401187,-0.915996
188.4,102.611,-53.7581,0.913934,0.405863
188.5,102.608,-53.7975,-0.429264,0.903179
188.6,102.551,-53.893,-0.9325,-0.36117
188.7,102.443,-53.9848,-0.982026,-0.188748
188.8,102.408,-54.1029,-0.659483,-0.751719
188.9,102.42,-54.1484,0.197753,0.980252
189,102.376,-54.1738,-0.756976,0.653443
189.1,102.338,-54.1826,-0.59231,0.80571
189.2,102.345,-54.2899,0.0412558,-0.999149
189.3,102.513,-54.3549,0.999583,0.0288652
189.4,102.556,-54.4504,0.800442,-0.59941
189.5,102.485,-54.5347,-0.983261,-0.1822
189.6,102.462,-54.6079,-0.992872,-0.119187
189.7,102.477,-54.6486,0.277755,0.960652
189.8,102.424,-54.7459,-0.908814,-0.417201
189.9,102.424,-54.7752,-0.157624,0.987499
190,102.438,-54.7175,0.0645434,0.997915
190.1,102.489,-54.7494,0.757089,0.653312
190.2,102.534,-54.801,0.903082,0.429469
190.3,102.582,-54.7211,0.26326,0.964725
190.4,102.621,-54.6767,0.260457,0.965485
190.5,102.551,-54.7538,-0.995324,-0.0965962
190.6,102.55,-54.8229,-0.995324,-0.0965962
190.7,102.529,-54.7594,-0.209752,0.977755
190.8,102.609,-54.6546,0.38284,0.923815
190.9,102.662,-54.648,0.504063,0.863667
191,102.574,-54.6143,-0.692078,0.721823
191.1,102.514,-54.6093,-0.6775,0.735523
191.2,102.476,-54.5762,-0.405559,0.914069
191.3,102.542,-54.4932,0.36196,0.932194
191.4,102.697,-54.3422,0.551879,0.833924
191.5,102.756,-54.1937,0.216958,0.976181
191.6,102.779,-54.1696,0.108058,0.994145
191.7,102.795,-54.1405,0.0391907,0.999232
191.8,102.89,-54.0252,0.403192,0.915115
191.9,103.007,-53.8994,0.465693,0.884946
192,103.143,-53.834,0.665076,0.746776
192.1,103.272,-53.8689,0.958891,0.283775
192.2,103.273,-53.9259,-0.907683,0.419657
192.3,103.197,-53.8599,-0.594689,0.803956
192.4,103.161,-53.8268,-0.491286,0.870998
192.5,103.263,-53.74,0.466833,0.884345
192.6,103.343,-53.7535,0.735954,0.677031
192.7,103.408,-53.7908,0.823935,0.566685
192.8,103.397,-53.8124,-0.62444,0.781073
192.9,103.427,-53.8081,0.0844516,0.996428
193,103.472,-53.8705,0.988629,0.150376
193.1,103.479,-53.9387,-0.989061,-0.14751
193.2,103.574,-53.9102,0.602722,0.797951
193.3,103.731,-53.9465,0.976947,0.21348
193.4,103.81,-53.9975,0.968289,0.249835
193.5,103.933,-53.865,0.432334,0.901713
193.6,104.112,-53.7616,0.664407,0.747371
193.7,104.211,-53.7947,0.917534,0.397657
193.8,104.31,-53.8289,0.925224,0.379422
193.9,104.376,-53.8252,0.422042,0.906576
194,104.443,-53.7731,0.260584,0.965451
194.1,104.417,-53.7182,-0.489618,0.871937
194.2,104.44,-53.6988,-0.189829,0.981817
194.3,104.524,-53.6443,0.372348,0.928093
194.4,104.528,-53.6082,-0.363037,0.931775
194.5,104.595,-53.6295,0.599027,0.800729
194.6,104.607,-53.6064,-0.330373,0.943851
194.7,104.656,-53.6011,0.114301,0.993446
194.8,104.691,-53.6683,0.114301,0.993446
194.9,104.775,-53.7811,0.609633,-0.792684
195,104.933,-53.7878,0.919299,0.393559
195.1,105.026,-53.775,0.593371,0.804929
195.2,105.085,-53.7257,0.14343,0.989661
195.3,105.094,-53.68,-0.337138,0.941455
195.4,105.066,-53.6684,-0.744233,0.66792
195.5,105.117,-53.5539,0.0369246,0.999318
195.6,105.122,-53.3865,-0.186751,0.982407
195.7,105.096,-53.3498,-0.639469,0.768817
195.8,105.181,-53.3975,0.995132,0.0985551
195.9,105.205,-53.4208,-0.654169,0.756349
196,105.145,-53.4533,-0.985485,0.169762
196.1,105.173,-53.5695,-0.27719,-0.960815
196.2,105.124,-53.6683,-0.899285,-0.437364
196.3,105.012,-53.6158,-0.830581,0.556898
196.4,104.922,-53.6148,-0.926538,0.376201
196.5,104.939,-53.7389,-0.359863,-0.933005
196.6,104.921,-53.7915,-0.999191,0.0402203
196.7,104.854,-53.7801,-0.854264,0.519839
196.8,104.723,-53.6946,-0.774728,0.632295
196.9,104.607,-53.5862,-0.690319,0.723505
197,104.523,-53.6608,-0.989857,-0.142069
197.1,104.476,-53.5533,-0.467638,0.88392
197.2,104.444,-53.3478,-0.261374,0.965237
197.3,104.546,-53.2506,0.365829,0.930682
197.4,104.658,-53.3105,0.99753,-0.0702375
197.5,104.636,-53.3521,-0.981153,0.193233
197.6,104.523,-53.3134,-0.857122,0.515113
197.7,104.447,-53.3587,-0.99616,0.0875526
197.8,104.41,-53.4264,-0.989929,-0.141567
197.9,104.337,-53.3171,-0.561779,0.827288
198,104.313,-53.1357,-0.259723,0.965683
198.1,104.222,-53.0617,-0.711605,0.70258
198.2,104.162,-53.1163,-0.999798,0.0201243
198.3,104.163,-53.1808,-0.984115,-0.177531
198.4,104.212,-53.2477,-0.984115,-0.177531
198.5,104.17,-53.2277,-0.722581,0.691287
198.6,104.155,-53.142,-0.351465,0.936201
198.7,104.121,-53.203,-0.99902,-0.0442664
198.8,104.035,-53.3432,-0.834681,-0.550734
198.9,103.924,-53.4663,-0.918454,-0.395527
199,103.945,-53.5195,-0.857025,0.515276
199.1,103.912,-53.4863,-0.575848,0.817557
199.2,103.992,-53.5134,0.801903,0.597455
199.3,104.066,-53.5537,0.886536,0.462659
199.4,104.164,-53.4896,0.451018,0.892515
199.5,104.237,-53.4186,0.262768,0.964859
199.6,104.265,-53.3904,-0.109788,0.993955
199.7,104.312,-53.383,0.119227,0.992867
199.8,104.318,-53.357,-0.368756,0.929526
199.9,104.332,-53.3287,-0.294073,0.955783
200,104.316,-53.3331,-0.722503,0.691368
200.1,104.328,-53.3843,-0.976821,0.214058
200.2,104.277,-53.3997,-0.90642,0.422377
200.3,104.249,-53.4424,-0.974365,0.224974
200.4,104.315,-53.4475,0.456286,0.889833
200.5,104.304,-53.4297,-0.547704,0.836672
200.6,104.247,-53.3564,-0.590362,0.807139
200.7,104.378,-53.3631,0.873748,0.486379
200.8,104.506,-53.3843,0.924368,0.381502
200.9,104.44,-53.2736,-0.54072,0.841203
201,104.624,-53.22,0.791282,0.611451
201.1,104.69,-53.1951,0.259187,0.965827
201.2,104.653,-53.1782,-0.75538,0.655287
201.3,104.651,-53.2297,-0.998948,0.0458554
201.4,104.642,-53.2662,-0.949074,0.315053
201.5,104.572,-53.2937,-0.973345,0.229344
201.6,104.421,-53.2773,-0.938067,0.346454
201.7,104.398,-53.356,-0.944415,-0.328755
201.8,104.466,-53.3799,0.633112,0.77406
201.9,104.369,-53.3208,-0.767724,0.640781
202,104.282,-53.3196,-0.909624,0.415432
202.1,104.228,-53.2722,-0.665036,0.746811
202.2,104.21,-53.2532,-0.595948,0.803023
202.3,104.078,-53.2672,-0.968932,0.247328
202.4,103.996,-53.2379,-0.802363,0.596836
202.5,104.068,-53.2361,0.488784,0.872405
202.6,104.113,-53.3491,0.133181,-0.991092
202.7,104.15,-53.3942,0.133181,-0.991092
202.8,104.241,-53.2881,0.30827,0.951299
202.9,104.388,-53.1117,0.417612,0.908625
203,104.498,-53.1311,0.881553,0.472085
203.1,104.596,-53.3372,0.339869,-0.940473
203.2,104.598,-53.3245,-0.514059,0.857755
203.3,104.52,-53.1598,-0.484769,0.874642
203.4,104.444,-53.0534,-0.59544,0.803399
203.5,104.458,-52.9158,-0.150485,0.988612
203.6,104.43,-52.9102,-0.780256,0.625461
203.7,104.564,-52.9412,0.969113,0.246616
203.8,104.557,-53.0179,-0.912134,-0.409893
203.9,104.494,-52.9804,-0.764497,0.644627
204,104.488,-52.9339,-0.451913,0.892062
204.1,104.545,-52.902,0.131423,0.991326
204.2,104.592,-52.8807,0.0175167,0.999847
204.3,104.643,-52.8416,0.0424431,0.999099
204.4,104.713,-52.7926,0.222213,0.974998
204.5,104.807,-52.9036,0.592346,-0.805683
204.6,104.82,-52.9758,-0.853489,-0.521111
204.7,104.851,-53.0406,-0.767113,-0.641512
204.8,104.941,-53.0855,0.98919,0.146638
204.9,104.962,-53.0891,-0.504975,0.863134
205,104.971,-52.9789,-0.236486,0.971635
205.1,105.022,-52.8905,0.0150014,0.999887
205.2,105.048,-52.991,-0.430771,-0.902462
205.3,105.065,-53.0243,-0.903946,0.427648
205.4,105.07,-53.014,-0.599475,0.800394
205.5,105.234,-53.0916,0.969877,-0.243594
205.6,105.329,-53.1715,0.815147,-0.579254
205.7,105.406,-53.1681,0.454895,0.890545
205.8,105.402,-53.1241,-0.513078,0.858342
205.9,105.425,-53.0937,-0.349996,0.936751
206,105.522,-52.9852,0.281407,0.959589
206.1,105.611,-52.8896,0.243468,0.969909
206.2,105.683,-52.8214,0.154621,0.987974
206.3,105.706,-52.8832,-0.860752,-0.509024
206.4,105.588,-52.8684,-0.948751,0.316026
206.5,105.523,-52.8437,-0.86916,0.49453
206.6,105.577,-52.838,-0.00200409,0.999998
206.7,105.656,-52.8071,0.313376,0.949629
206.8,105.691,-52.7986,-0.37394,0.927453
206.9,105.667,-52.9147,-0.733648,-0.67953
207,105.693,-52.877,-0.33659,0.941651
207.1,105.637,-52.781,-0.624361,0.781136
207.2,105.567,-52.6488,-0.583126,0.812382
207.3,105.449,-52.6237,-0.933857,0.357647
207.4,105.455,-52.4937,-0.27858,0.960413
207.5,105.361,-52.4571,-0.889602,0.456736
207.6,105.263,-52.5116,-0.996332,-0.0855672
207.7,105.185,-52.4737,-0.856848,0.515569
207.8,105.249,-52.4527,0.142836,0.989746
207.9,105.207,-52.4915,-0.999431,0.0337359
208,105.116,-52.5299,-0.999513,0.031205
208.1,105.111,-52.6358,-0.698737,-0.715379
208.2,105.075,-52.7759,-0.68203,-0.731324
208.3,104.966,-52.789,-0.978593,0.205805
208.4,105.007,-52.6915,-0.0702443,0.99753
208.5,104.976,-52.5749,-0.454451,0.890772
208.6,104.855,-52.5215,-0.868237,0.49615
208.7,104.83,-52.4806,-0.664235,0.747524
208.8,104.843,-52.4509,-0.466072,0.884747
208.9,104.846,-52.3308,-0.289083,0.957304
209,104.743,-52.2416,-0.761059,0.648683
209.1,104.623,-52.3179,-0.983653,-0.180075
209.2,104.429,-52.3803,-0.997877,-0.0651293
209.3,104.289,-52.4293,-1,-0.000327844
209.4,104.301,-52.4305,-0.579119,0.815243
209.5,104.315,-52.436,-0.60714,0.794595
209.6,104.199,-52.4517,-0.978023,0.208495
209.7,104.263,-52.5027,0.997836,0.0657523
209.8,104.261,-52.6039,-0.698419,-0.715689
209.9,104.08,-52.6646,-0.99941,-0.0343315
210,104.053,-52.5864,-0.465323,0.885141
210.1,104.05,-52.5066,-0.325654,0.945489
210.2,103.959,-52.6445,-0.849793,-0.527116
210.3,103.981,-52.6845,-0.770993,0.636843
210.4,104.112,-52.6669,0.769955,0.638099
210.5,104.11,-52.7596,-0.76876,-0.639537
210.6,104.176,-52.7646,0.420206,0.907429
210.7,104.287,-52.5978,0.29241,0.956293
210.8,104.305,-52.583,-0.388935,0.921265
210.9,104.261,-52.7185,-0.737894,-0.674917
211,104.249,-52.6824,-0.533238,0.845965
211.1,104.116,-52.5764,-0.743616,0.668607
211.2,104.012,-52.4441,-0.622875,0.782321
211.3,103.927,-52.3153,-0.578874,0.815417
211.4,103.882,-52.3314,-0.921624,0.388083
211.5,103.857,-52.4614,-0.677494,-0.735528
211.6,103.809,-52.5235,-0.997606,-0.0691511
211.7,103.806,-52.5283,-0.643441,0.765496
211.8,103.793,-52.4947,-0.513489,0.858096
211.9,103.89,-52.5071,0.784472,0.620165
212,103.975,-52.6389,0.487675,-0.873025
212.1,104.009,-52.616,-0.0917819,0.995779
212.2,103.827,-52.4741,-0.751373,0.659878
212.3,103.666,-52.5079,-0.993848,0.110749
212.4,103.575,-52.4987,-0.88826,0.459342
212.5,103.587,-52.4325,-0.197278,0.980348
212.6,103.499,-52.4179,-0.865005,0.501763
212.7,103.411,-52.4454,-0.968265,0.249925
212.8,103.393,-52.5778,-0.594591,-0.804028
212.9,103.383,-52.7168,-0.486665,-0.873589
213,103.445,-52.739,0.592077,0.805882
213.1,103.502,-52.6946,0.226286,0.974061
213.2,103.505,-52.6773,-0.371841,0.928296
213.3,103.428,-52.6691,-0.847465,0.530851
213.4,103.374,-52.6987,-0.938523,0.345216
213.5,103.385,-52.8008,-0.461534,-0.887122
213.6,103.464,-52.8474,0.948069,0.318064
213.7,103.369,-52.9438,-0.965853,-0.25909
213.8,103.309,-52.9607,-0.887027,0.461718
213.9,103.396,-52.9542,0.637508,0.770444
214,103.549,-53.0278,0.996455,-0.0841234
214.1,103.702,-53.0764,0.993599,0.112968
214.2,103.876,-53.1376,1,9.07416e-05
214.3,103.948,-53.1582,0.673015,0.739629
214.4,103.977,-53.2038,-0.502031,0.86485
214.5,103.995,-53.2723,-0.902591,-0.430499
214.6,104.008,-53.2384,-0.237508,0.971385
214.7,104.04,-53.1742,-0.0392274,0.99923
214.8,104.145,-53.1673,0.711835,0.702346
214.9,104.188,-53.2222,0.711835,0.702346
215,104.146,-53.3085,-0.943926,-0.330157
215.1,104.126,-53.2387,-0.408393,0.912806
215.2,104.097,-53.142,-0.400342,0.916366
215.3,104.128,-53.1325,-0.11757,0.993065
215.4,104.128,-53.1572,-0.760929,0.648835
215.5,104.13,-53.0883,-0.27839,0.960468
215.6,104.146,-52.9745,-0.140838,0.990033
215.7,104.147,-52.8662,-0.234142,0.972202
215.8,104.173,-52.8546,-0.227531,0.973771
215.9,104.092,-52.8039,-0.756976,0.653443
216,104.013,-52.7594,-0.769184,0.639028
216.1,104.056,-52.8016,-0.769184,0.639028
216.2,104.089,-52.7739,-0.101271,0.994859
216.3,103.959,-52.6431,-0.677293,0.735713
216.4,103.789,-52.6096,-0.921038,0.389472
216.5,103.625,-52.5287,-0.826948,0.562278
216.6,103.415,-52.4859,-0.924886,0.380244
216.7,103.347,-52.4809,-0.841537,0.5402
216.8,103.381,-52.5201,0.016891,0.999857
216.9,103.385,-52.5272,-0.470911,0.882181
217,103.369,-52.5199,-0.587827,0.808987
217.1,103.449,-52.4531,0.33953,0.940595
217.2,103.452,-52.3918,-0.255379,0.966841
217.3,103.47,-52.3822,-0.255151,0.966901
217.4,103.564,-52.3965,0.781391,0.624042
217.5,103.544,-52.4538,-0.999727,0.0233502
217.6,103.508,-52.5133,-0.999991,-0.00415943
217.7,103.566,-52.4926,0.254497,0.967074
217.8,103.77,-52.4596,0.875964,0.482376
217.9,103.78,-52.3844,-0.230276,0.973125
218,103.839,-52.3134,0.129757,0.991546
218.1,103.845,-52.3613,-0.982851,0.184404
218.2,103.854,-52.4658,-0.569579,-0.821937
218.3,103.761,-52.5296,-0.99833,-0.057773
218.4,103.708,-52.6571,-0.800201,-0.599732
218.5,103.766,-52.6698,0.409901,0.91213
218.6,103.847,-52.6043,0.32463,0.945841
218.7,103.842,-52.5641,-0.425074,0.905159
218.8,103.765,-52.5992,-0.983362,0.181658
218.9,103.733,-52.5696,-0.628504,0.777807
219,103.811,-52.5967,0.77518,0.63174
219.1,103.782,-52.5758,-0.660022,0.751246
219.2,103.673,-52.4616,-0.653948,0.75654
219.3,103.519,-52.3764,-0.804695,0.593688
219.4,103.42,-52.4231,-0.995932,0.0901063
219.5,103.475,-52.5743,0.207883,-0.978154
219.6,103.361,-52.5773,-0.932083,0.362245
219.7,103.309,-52.5602,-0.732636,0.680621
219.8,103.226,-52.573,-0.918201,0.396116
219.9,103.141,-52.6528,-0.98969,-0.143225
220,103.137,-52.6688,-0.55613,0.831095
220.1,103.183,-52.5014,0.0816711,0.996659
220.2,103.149,-52.5403,-0.935109,0.35436
220.3,103.218,-52.7405,0.281473,-0.959569
220.4,103.326,-52.6854,0.555341,0.831623
220.5,103.382,-52.4952,0.0989967,0.995088
220.6,103.403,-52.5355,-0.536391,0.843969
220.7,103.604,-52.6121,0.995872,-0.09077
220.8,103.779,-52.6459,0.982897,0.184155
220.9,103.826,-52.6788,0.323101,0.946364
221,103.787,-52.697,-0.892425,0.451195
221.1,103.641,-52.762,-0.999359,-0.0358
221.2,103.538,-52.71,-0.778357,0.627822
221.3,103.608,-52.6941,0.42357,0.905863
221.4,103.736,-52.6608,0.699481,0.714651
221.5,103.84,-52.749,0.91244,-0.409211
221.6,103.797,-52.7278,-0.718207,0.69583
221.7,103.711,-52.7342,-0.92301,0.384776
221.8,103.695,-52.874,-0.544772,-0.838584
221.9,103.754,-52.9541,0.753503,-0.657445
222,103.847,-53.0396,0.916287,-0.400523
222.1,103.9,-53.099,0.999566,0.0294461
222.2,103.957,-53.1421,0.776611,0.629981
222.3,103.946,-53.0935,-0.404882,0.914369
222.4,103.847,-53.0305,-0.745088,0.666966
222.5,103.853,-53.0017,-0.325028,0.945704
222.6,103.825,-53.0692,-0.992545,-0.121874
222.7,103.746,-53.0659,-0.874592,0.484859
222.8,103.742,-53.1157,-0.962081,0.272765
222.9,103.761,-53.218,-0.350736,-0.936474
223,103.812,-53.2225,0.29304,0.9561
223.1,103.736,-53.1603,-0.665562,0.746342
223.2,103.606,-53.2323,-0.997916,-0.0645288
223.3,103.609,-53.477,-0.14975,-0.988724
223.4,103.751,-53.5173,0.979361,0.202118
223.5,103.915,-53.6182,0.960777,-0.277322
223.6,103.999,-53.5752,0.443407,0.89632
223.7,104.02,-53.3876,-0.0540056,0.998541
223.8,103.927,-53.3325,-0.744821,0.667264
223.9,103.774,-53.2992,-0.894568,0.446932
224,103.732,-53.1829,-0.391486,0.920184
224.1,103.661,-53.1326,-0.682466,0.730918
224.2,103.633,-53.1253,-0.659925,0.751331
224.3,103.599,-53.0258,-0.38304,0.923732
224.4,103.549,-52.982,-0.615451,0.788175
224.5,103.511,-52.9723,-0.695509,0.718517
224.6,103.527,-53.0206,-0.754063,0.656802
224.7,103.471,-53.1134,-0.944584,-0.328271
224.8,103.432,-53.1697,-0.995039,0.0994892
224.9,103.369,-53.1946,-0.91943,0.393254
225,103.419,-53.1354,0.172189,0.985064
225.1,103.514,-53.0686,0.451228,0.892409
225.2,103.541,-53.1373,0.451228,0.892409
225.3,103.412,-53.0903,-0.825097,0.564991
225.4,103.254,-52.9701,-0.711924,0.702257
225.5,103.223,-52.9507,-0.571701,0.820462
225.6,103.265,-53.0976,0.175935,-0.984402
225.7,103.226,-53.3234,-0.373434,-0.927657
225.8,103.101,-53.3971,-0.998579,-0.0532997
225.9,103.064,-53.4249,-0.834381,0.551188
226,103.045,-53.3315,-0.24212,0.970246
226.1,103,-53.241,-0.386649,0.922227
226.2,102.941,-53.2883,-0.971418,0.237374
226.3,102.911,-53.4231,-0.586515,-0.809938
226.4,102.929,-53.412,-0.00472693,0.999989
226.5,103.019,-53.2595,0.312427,0.949942
226.6,103.042,-53.2545,0.0225607,0.999745
226.7,102.988,-53.3243,-0.999131,-0.0416832
226.8,102.936,-53.2886,-0.575031,0.818132
226.9,103.012,-53.1679,0.291598,0.956541
227,103.088,-53.2083,0.89921,0.437517
227.1,103.151,-53.2835,0.977057,-0.212979
227.2,103.193,-53.2569,0.196578,0.980488
227.3,103.061,-53.1676,-0.70943,0.704776
227.4,102.887,-53.0785,-0.783247,0.621711
227.5,102.818,-52.947,-0.406169,0.913798
227.6,102.755,-52.8812,-0.523572,0.851981
227.7,102.819,-52.7902,0.281442,0.959578
227.8,102.928,-52.7367,0.595041,0.803696
227.9,102.955,-52.688,0.0352236,0.999379
228,102.967,-52.6368,-0.0988839,0.995099
228.1,102.904,-52.6015,-0.652888,0.757454
228.2,102.873,-52.5732,-0.497197,0.867638
228.3,102.989,-52.5623,0.771867,0.635784
228.4,103.132,-52.5682,0.892658,0.450735
228.5,103.249,-52.6522,0.975718,-0.219028
228.6,103.242,-52.7781,-0.504561,-0.863376
228.7,103.205,-52.8653,-0.941652,-0.336589
228.8,103.259,-52.8699,0.395983,0.918258
228.9,103.244,-52.8516,-0.458787,0.888546
229,103.151,-52.825,-0.799198,0.601067
229.1,103.174,-52.8269,-0.0621871,0.998065
229.2,103.171,-52.8844,-0.971766,0.235945
229.3,103.055,-52.9666,-0.992662,-0.120919
229.4,102.961,-53.0015,-0.966849,0.25535
229.5,102.886,-52.9384,-0.595602,0.803279
229.6,102.795,-52.8592,-0.605527,0.795825
229.7,102.75,-52.817,-0.499057,0.866569
229.8,102.745,-52.8243,-0.36103,0.932554
229.9,102.719,-52.7471,-0.288309,0.957538
230,102.744,-52.7513,0.107445,0.994211
230.1,102.808,-52.7441,0.522926,0.852378
230.2,102.805,-52.774,-0.517404,0.855742
230.3,102.75,-52.7743,-0.743322,0.668933
230.4,102.743,-52.678,-0.15399,0.988072
230.5,102.942,-52.6093,0.797866,0.602835
230.6,103.03,-52.6661,0.990306,0.1389
230.7,103.2,-52.6405,0.846549,0.53231
230.8,103.339,-52.5926,0.702145,0.712034
230.9,103.368,-52.6106,-0.0620119,0.998075
231,103.337,-52.5722,-0.536551,0.843868
231.1,103.404,-52.485,0.224437,0.974488
231.2,103.471,-52.4981,0.567332,0.823489
231.3,103.463,-52.5796,-0.898945,-0.438062
231.4,103.427,-52.5922,-0.825656,0.564174
231.5,103.395,-52.6813,-0.92084,-0.389942
231.6,103.447,-52.7966,0.344364,-0.938836
231.7,103.369,-52.7475,-0.701203,0.712962
231.8,103.226,-52.7554,-0.954079,0.299554
231.9,103.14,-52.7824,-0.951528,0.307563
232,103.161,-52.7182,-0.0436505,0.999047
232.1,103.319,-52.6685,0.752636,0.658437
232.2,103.415,-52.5889,0.410909,0.911676
232.3,103.409,-52.5396,-0.333726,0.94267
232.4,103.298,-52.5346,-0.909573,0.415544
232.5,103.212,-52.5319,-0.875435,0.483337
232.6,103.125,-52.5904,-0.999244,0.0388754
232.7,103.103,-52.5615,-0.468242,0.8836
232.8,102.991,-52.5055,-0.757088,0.653313
232.9,102.877,-52.5069,-0.910769,0.412917
233,102.822,-52.5492,-0.956377,0.292134
233.1,102.919,-52.6551,0.887633,-0.460552
233.2,103.059,-52.5308,0.521982,0.852957
233.3,103.129,-52.5473,0.673863,0.738857
233.4,103.213,-52.6813,0.622875,-0.782322
233.5,103.234,-52.825,-0.0986313,-0.995124
233.6,103.261,-52.9581,-0.0265665,-0.999647
233.7,103.276,-53.0388,-0.594556,-0.804054
233.8,103.299,-53.058,-0.0983175,0.995155
233.9,103.303,-53.0825,-0.496149,0.868237
234,103.259,-53.0311,-0.522005,0.852942
234.1,103.218,-53.0186,-0.660826,0.750539
234.2,103.228,-52.956,-0.130875,0.991399
234.3,103.348,-52.9329,0.729797,0.683664
234.4,103.347,-52.9649,-0.695279,0.71874
234.5,103.229,-52.8786,-0.699002,0.71512
234.6,103.106,-52.8108,-0.751785,0.659409
234.7,103.182,-52.9517,0.556033,-0.83116
234.8,103.311,-52.9858,0.95756,0.288235
234.9,103.304,-52.9193,-0.261403,0.96523
235,103.24,-52.9068,-0.770566,0.63736
235.1,103.13,-52.9106,-0.914757,0.404004
235.2,103.032,-52.8819,-0.795571,0.605861
235.3,102.966,-52.9979,-0.872598,-0.488439
235.4,102.954,-53.1013,-0.675205,-0.73763
235.5,102.917,-53.1378,-0.884524,0.466496
235.6,103.01,-53.1234,0.670574,0.741843
235.7,103.092,-53.1236,0.669208,0.743075
235.8,103.183,-53.0854,0.547312,0.836928
235.9,103.196,-52.9768,-0.0666108,0.997779
236,103.211,-52.8955,-0.0784868,0.996915
236.1,103.285,-52.7785,0.25028,0.968173
236.2,103.244,-52.5582,-0.240773,0.970582
236.3,103.268,-52.5499,-0.0980687,0.99518
236.4,103.306,-52.5433,0.106414,0.994322
236.5,103.252,-52.433,-0.444138,0.895959
236.6,103.224,-52.2602,-0.250815,0.968035
236.7,103.14,-52.1424,-0.545138,0.838346
236.8,103.141,-52.1812,-0.815844,0.578272
236.9,103.28,-52.2226,0.981771,0.190066
237,103.245,-52.2506,-0.90612,0.423021
237.1,103.18,-52.2155,-0.715799,0.698306
237.2,103.265,-52.1381,0.34727,0.937765
237.3,103.262,-52.1127,-0.408556,0.912733
237.4,103.133,-52.2211,-0.959786,-0.280733
237.5,103.165,-52.305,0.0029113,-0.999996
237.6,103.162,-52.3487,-0.877897,0.47885
237.7,103.114,-52.3429,-0.754018,0.656853
237.8,103.074,-52.2925,-0.52374,0.851878
237.9,103.034,-52.3655,-0.990642,-0.136484
238,102.836,-52.2547,-0.79157,0.611079
238.1,102.908,-52.1983,0.367033,0.930208
238.2,102.949,-52.0936,0.0852477,0.99636
238.3,102.765,-51.9589,-0.732352,0.680926
238.4,102.635,-51.9149,-0.817441,0.576012
238.5,102.522,-51.9907,-0.997585,-0.0694492
238.6,102.414,-52.0644,-0.998862,-0.0476852
238.7,102.328,-52.0456,-0.753047,0.657967
238.8,102.217,-52.0366,-0.842163,0.539223
238.9,102.174,-51.9995,-0.427962,0.903797
239,102.223,-51.8102,0.164475,0.986381
239.1,102.353,-51.734,0.63831,0.769779
239.2,102.414,-51.5654,0.195323,0.980739
239.3,102.467,-51.5438,0.369036,0.929415
239.4,102.337,-51.6783,-0.912506,-0.409064
239.5,102.287,-51.5857,-0.36885,0.929489
239.6,102.317,-51.4509,0.0866981,0.996235
239.7,102.411,-51.5384,0.971971,-0.235099
239.8,102.462,-51.5808,0.799176,0.601097
239.9,102.412,-51.4352,-0.310841,0.950462
240,102.352,-51.3981,-0.607716,0.794155
240.1,102.316,-51.3032,-0.309171,0.951006
240.2,102.302,-51.33,-0.602187,0.798355
240.3,102.28,-51.4125,-0.933505,-0.358564
240.4,102.231,-51.3627,-0.468797,0.883306
240.5,102.178,-51.271,-0.370698,0.928754
240.6,102.089,-51.2463,-0.724056,0.689741
240.7,102.072,-51.1124,-0.107283,0.994229
240.8,102.067,-51.0866,-0.0998421,0.995003
240.9,102.178,-51.1635,0.997808,-0.0661763
241,102.205,-51.255,0.604704,-0.79645
241.1,102.275,-51.3482,0.924606,-0.380925
241.2,102.217,-51.3853,-0.91674,0.399485
241.3,102.141,-51.3284,-0.564457,0.825463
241.4,102.031,-51.2714,-0.681283,0.73202
241.5,101.986,-51.2357,-0.399927,0.916547
241.6,102.087,-51.1075,0.45685,0.889544
241.7,102.072,-51.0404,-0.150611,0.988593
241.8,102.021,-51.0933,-0.956617,0.291349
241.9,102.041,-51.1093,0.314394,0.949293
242,101.992,-51.0019,-0.275154,0.9614
242.1,101.895,-50.947,-0.613936,0.789356
242.2,101.863,-50.8263,-0.124815,0.99218
242.3,101.753,-50.6954,-0.441181,0.897418
242.4,101.792,-50.7253,0.863964,0.503554
242.5,101.894,-50.7423,0.924314,0.381634
242.6,101.966,-50.7919,0.971644,0.23645
242.7,101.819,-50.9776,-0.778282,-0.627915
242.8,101.808,-50.9941,0.0249435,0.999689
242.9,101.886,-50.9435,0.608165,0.793811
243,101.927,-50.8857,0.366038,0.9306
243.1,101.886,-50.9985,-0.637286,-0.770627
243.2,101.784,-51.0116,-0.856123,0.516773
243.3,101.794,-50.9029,0.134188,0.990956
243.4,101.767,-50.8453,-0.0890135,0.99603
243.5,101.697,-50.7799,-0.361581,0.932341
243.6,101.672,-50.6953,0.00314798,0.999995
243.7,101.687,-50.6331,0.338111,0.941106
243.8,101.754,-50.6083,0.74677,0.665083
243.9,101.728,-50.686,0.74677,0.665083
244,101.704,-50.6305,0.0157611,0.999876
244.1,101.736,-50.5139,0.322087,0.94671
244.2,101.761,-50.3296,0.225541,0.974234
244.3,101.76,-50.1384,0.159209,0.987245
