0.1,6.51739,70.4781
0.2,6.54447,70.4403
0.3,6.57797,70.391
0.4,6.61496,70.3335
0.5,6.65382,70.271
0.6,6.69452,70.2053
0.7,6.7372,70.1376
0.8,6.78152,70.0682
0.9,6.82626,69.9973
1,6.86939,69.9249
1.1,6.91026,69.8509
1.2,6.94878,69.7751
1.3,6.98497,69.6976
1.4,7.01894,69.6184
1.5,7.05071,69.5376
1.6,7.08023,69.4551
1.7,7.10773,69.3709
1.8,7.13332,69.2848
1.9,7.15727,69.1962
2,7.1798,69.1045
2.1,7.20236,69.009
2.2,7.22555,68.9093
2.3,7.25031,68.8061
2.4,7.27689,68.7002
2.5,7.30531,68.5927
2.6,7.33542,68.4849
2.7,7.36694,68.3776
2.8,7.39955,68.2717
2.9,7.4333,68.166
3,7.46778,68.0609
3.1,7.50295,67.9557
3.2,7.53926,67.8546
3.3,7.57764,67.7549
3.4,7.61789,67.6562
3.5,7.65989,67.5586
3.6,7.7035,67.4621
3.7,7.7485,67.3671
3.8,7.7945,67.2736
3.9,7.84096,67.1817
4,7.88737,67.0912
4.1,7.93332,67.0021
4.2,7.9786,66.9142
4.3,8.02326,66.8272
4.4,8.06739,66.7411
4.5,8.11103,66.656
4.6,8.15396,66.5718
4.7,8.19625,66.4886
4.8,8.23791,66.4062
4.9,8.27876,66.325
5,8.31867,66.2444
5.1,8.35753,66.1649
5.2,8.39531,66.086
5.3,8.4316,66.0081
5.4,8.46683,65.9313
5.5,8.50071,65.8549
5.6,8.53446,65.7807
5.7,8.56726,65.7061
5.8,8.60062,65.6329
5.9,8.63376,65.5597
6,8.66715,65.4873
6.1,8.70077,65.415
6.2,8.73495,65.3432
6.3,8.76964,65.272
6.4,8.80506,65.2014
6.5,8.84111,65.131
6.6,8.87469,65.0626
6.7,8.90967,64.9936
6.8,8.94584,64.9238
6.9,8.98282,64.8533
7,9.02051,64.7822
7.1,9.05884,64.7109
7.2,9.09796,64.6396
7.3,9.13802,64.5682
7.4,9.1741,64.4952
7.5,9.21373,64.423
7.6,9.25042,64.3497
7.7,9.28693,64.2759
7.8,9.32338,64.2017
7.9,9.36014,64.127
8,9.39724,64.0519
8.1,9.4348,63.9767
8.2,9.47291,63.9015
8.3,9.51177,63.8262
8.4,9.5514,63.7506
8.5,9.59191,63.6748
8.6,9.63332,63.5986
8.7,9.67565,63.5219
8.8,9.71788,63.4455
8.9,9.76005,63.3692
9,9.80211,63.2927
9.1,9.84334,63.2148
9.2,9.88485,63.1361
9.3,9.9263,63.0559
9.4,9.96837,62.9749
9.5,10.0108,62.8922
9.6,10.0545,62.8079
9.7,10.0997,62.7214
9.8,10.1476,62.6339
9.9,10.1985,62.5456
10,10.2518,62.4569
10.1,10.3058,62.3674
10.2,10.3589,62.2771
10.3,10.4108,62.187
10.4,10.4609,62.0974
10.5,10.5104,62.0076
10.6,10.5588,61.9155
10.7,10.6081,61.8224
10.8,10.6559,61.7253
10.9,10.7075,61.629
11,10.76,61.5251
11.1,10.8177,61.4248
11.2,10.8785,61.3194
11.3,10.9414,61.2133
11.4,11.0052,61.104
11.5,11.071,60.9932
11.6,11.1388,60.8804
11.7,11.2084,60.7699
11.8,11.2793,60.6582
11.9,11.3518,60.5467
12,11.4255,60.4348
12.1,11.4998,60.3229
12.2,11.5744,60.211
12.3,11.6489,60.0992
12.4,11.7229,59.9872
12.5,11.7964,59.875
12.6,11.8697,59.7624
12.7,11.9433,59.6495
12.8,12.0169,59.5396
12.9,12.091,59.4293
13,12.1659,59.3194
13.1,12.2417,59.2094
13.2,12.3184,59.0991
13.3,12.3958,58.9883
13.4,12.4736,58.8766
13.5,12.5519,58.7639
13.6,12.6309,58.6503
13.7,12.7107,58.5358
13.8,12.7917,58.4206
13.9,12.874,58.3056
14,12.9572,58.1928
14.1,13.0418,58.0802
14.2,13.1278,57.9676
14.3,13.2153,57.8549
14.4,13.3043,57.742
14.5,13.3946,57.629
14.6,13.4858,57.5157
14.7,13.5774,57.402
14.8,13.6685,57.2876
14.9,13.7575,57.1738
15,13.8437,57.0591
15.1,13.9273,56.9432
15.2,14.0087,56.8262
15.3,14.0889,56.7087
15.4,14.168,56.5906
15.5,14.2462,56.4722
15.6,14.3236,56.354
15.7,14.4001,56.2359
15.8,14.4756,56.1179
15.9,14.5498,56.0002
16,14.6228,55.8826
16.1,14.6943,55.7652
16.2,14.7643,55.6481
16.3,14.8331,55.5313
16.4,14.9006,55.4148
16.5,14.967,55.302
16.6,15.033,55.1902
16.7,15.0989,55.0793
16.8,15.165,54.9691
16.9,15.2317,54.8598
17,15.2994,54.7512
17.1,15.3683,54.6434
17.2,15.4389,54.5368
17.3,15.5116,54.4317
17.4,15.5863,54.3278
17.5,15.6616,54.2274
17.6,15.7377,54.1287
17.7,15.8144,54.031
17.8,15.8913,53.9338
17.9,15.9684,53.8369
18,16.0456,53.74
18.1,16.1227,53.6431
18.2,16.1996,53.546
18.3,16.2762,53.4481
18.4,16.3523,53.3495
18.5,16.4278,53.2496
18.6,16.5028,53.1483
18.7,16.5773,53.0453
18.8,16.6514,52.9407
18.9,16.7259,52.835
19,16.8023,52.7304
19.1,16.878,52.6222
19.2,16.9552,52.5154
19.3,17.0332,52.4086
19.4,17.1117,52.3016
19.5,17.1906,52.1943
19.6,17.2695,52.0866
19.7,17.3482,51.9792
19.8,17.4264,51.8721
19.9,17.5042,51.7653
20,17.5814,51.6592
20.1,17.6582,51.5537
20.2,17.7348,51.4487
20.3,17.8113,51.3444
20.4,17.8877,51.2407
20.5,17.9642,51.1377
20.6,18.0408,51.0354
20.7,18.1174,50.9339
20.8,18.1939,50.8332
20.9,18.2703,50.7333
21,18.3463,50.6341
21.1,18.4215,50.5355
21.2,18.4958,50.4374
21.3,18.5692,50.3398
21.4,18.6416,50.2423
21.5,18.713,50.1444
21.6,18.7834,50.0457
21.7,18.8528,49.9459
21.8,18.9213,49.8448
21.9,18.9889,49.7423
22,19.0556,49.6383
22.1,19.1214,49.5327
22.2,19.1859,49.4258
22.3,19.2495,49.3178
22.4,19.312,49.2087
22.5,19.374,49.0996
22.6,19.4354,48.9899
22.7,19.4967,48.8797
22.8,19.5598,48.7698
22.9,19.6221,48.6586
23,19.6859,48.5476
23.1,19.7504,48.4362
23.2,19.8155,48.3246
23.3,19.8813,48.2143
23.4,19.9479,48.1041
23.5,20.0136,47.9931
23.6,20.0811,47.8828
23.7,20.1481,47.7714
23.8,20.2173,47.6602
23.9,20.2863,47.5495
24,20.3556,47.4384
24.1,20.4256,47.3268
24.2,20.4966,47.2146
24.3,20.5688,47.1018
24.4,20.6426,46.9884
24.5,20.7176,46.8745
24.6,20.7943,46.7607
24.7,20.8723,46.6488
24.8,20.9517,46.5373
24.9,21.0326,46.4266
25,21.1152,46.3166
25.1,21.1991,46.2077
25.2,21.2826,46.102
25.3,21.3657,46.0004
25.4,21.4486,45.9015
25.5,21.5318,45.8043
25.6,21.6154,45.7096
25.7,21.7,45.6166
25.8,21.7861,45.5257
25.9,21.8724,45.4394
26,21.9577,45.3561
26.1,22.0418,45.2762
26.2,22.1254,45.1984
26.3,22.2088,45.1228
26.4,22.2922,45.0484
26.5,22.3759,44.9773
26.6,22.4601,44.9072
26.7,22.544,44.8403
26.8,22.6273,44.7744
26.9,22.7101,44.7091
27,22.792,44.6433
27.1,22.8733,44.5773
27.2,22.9534,44.5091
27.3,23.0332,44.4405
27.4,23.1131,44.3715
27.5,23.1929,44.3009
27.6,23.2725,44.2287
27.7,23.3524,44.156
27.8,23.4317,44.0818
27.9,23.5093,44.0055
28,23.5839,43.9273
28.1,23.6556,43.8472
28.2,23.7247,43.7657
28.3,23.7903,43.6827
28.4,23.8533,43.598
28.5,23.9115,43.5117
28.6,23.9693,43.4225
28.7,24.015,43.3295
28.8,24.0706,43.2327
28.9,24.1169,43.117
29,24.1739,43.0029
29.1,24.2362,42.8852
29.2,24.3025,42.7642
29.3,24.3714,42.6406
29.4,24.4421,42.5156
29.5,24.5134,42.3897
29.6,24.5843,42.2643
29.7,24.6523,42.1385
29.8,24.7163,42.0148
29.9,24.7786,41.8954
30,24.8384,41.7803
30.1,24.8988,41.6675
30.2,24.9586,41.561
30.3,25.0231,41.455
30.4,25.0913,41.3554
30.5,25.162,41.2442
30.6,25.2381,41.1285
30.7,25.3179,41.0268
30.8,25.3991,40.9317
30.9,25.4808,40.8413
31,25.5627,40.7538
31.1,25.6445,40.6677
31.2,25.7262,40.5823
31.3,25.8078,40.4969
31.4,25.8894,40.4109
31.5,25.9711,40.3238
31.6,26.0528,40.2348
31.7,26.1344,40.1433
31.8,26.2157,40.0486
31.9,26.2963,39.9504
32,26.3759,39.8485
32.1,26.4542,39.7434
32.2,26.5312,39.6355
32.3,26.6078,39.5261
32.4,26.6839,39.4154
32.5,26.7594,39.3037
32.6,26.8345,39.1912
32.7,26.9091,39.0779
32.8,26.9832,38.9638
32.9,27.0569,38.849
33,27.1303,38.7334
33.1,27.2034,38.6173
33.2,27.2762,38.5007
33.3,27.3484,38.3838
33.4,27.4201,38.2668
33.5,27.4914,38.15
33.6,27.5621,38.0334
33.7,27.6328,37.9168
33.8,27.7038,37.8011
33.9,27.7747,37.6865
34,27.846,37.5725
34.1,27.9137,37.4566
34.2,27.9795,37.3438
34.3,28.0434,37.233
34.4,28.1048,37.1258
34.5,28.1638,37.0199
34.6,28.2213,36.9172
34.7,28.2765,36.8154
34.8,28.3313,36.7156
34.9,28.3841,36.6188
35,28.4362,36.5305
35.1,28.4889,36.4355
35.2,28.5417,36.3404
35.3,28.5935,36.2458
35.4,28.6451,36.1521
35.5,28.6965,36.0591
35.6,28.7483,35.9669
35.7,28.7996,35.8754
35.8,28.851,35.7844
35.9,28.9027,35.694
36,28.9552,35.6042
36.1,29.0087,35.5152
36.2,29.063,35.4268
36.3,29.1183,35.3392
36.4,29.1746,35.2521
36.5,29.2321,35.1655
36.6,29.2905,35.0792
36.7,29.35,34.9932
36.8,29.4105,34.9073
36.9,29.4721,34.8215
37,29.5346,34.7363
37.1,29.5981,34.651
37.2,29.6626,34.5653
37.3,29.7283,34.4785
37.4,29.7955,34.3906
37.5,29.864,34.3012
37.6,29.9337,34.21
37.7,30.0048,34.1169
37.8,30.0725,34.02
37.9,30.1399,33.9209
38,30.2072,33.8196
38.1,30.2747,33.7163
38.2,30.3434,33.6085
38.3,30.4142,33.5007
38.4,30.4851,33.3909
38.5,30.5568,33.2793
38.6,30.6288,33.1658
38.7,30.7012,33.0511
38.8,30.7743,32.9352
38.9,30.8482,32.818
39,30.9229,32.6995
39.1,30.9984,32.5798
39.2,31.0743,32.4591
39.3,31.1507,32.3377
39.4,31.2274,32.2164
39.5,31.3037,32.0958
39.6,31.3774,31.9776
39.7,31.447,31.8634
39.8,31.5161,31.7516
39.9,31.5839,31.6479
40,31.6548,31.5431
40.1,31.7258,31.4457
40.2,31.7984,31.3481
40.3,31.8706,31.2557
40.4,31.9432,31.1635
40.5,32.0157,31.0744
40.6,32.0881,30.9859
40.7,32.1601,30.8997
40.8,32.2317,30.8144
40.9,32.303,30.7305
41,32.3739,30.6479
41.1,32.4444,30.5666
41.2,32.5145,30.4864
41.3,32.5842,30.4067
41.4,32.6534,30.3277
41.5,32.7222,30.2488
41.6,32.7915,30.1727
41.7,32.8588,30.0949
41.8,32.9266,30.0191
41.9,32.9943,29.9437
42,33.0622,29.8686
42.1,33.13,29.7937
42.2,33.1985,29.7183
42.3,33.2675,29.6426
42.4,33.3366,29.5658
42.5,33.4062,29.4882
42.6,33.4759,29.4098
42.7,33.5456,29.3301
42.8,33.6152,29.249
42.9,33.6847,29.166
43,33.7544,29.0813
43.1,33.8242,28.9949
43.2,33.8942,28.9069
43.3,33.9642,28.8172
43.4,34.0342,28.7255
43.5,34.1047,28.6322
43.6,34.1755,28.5373
43.7,34.2467,28.4407
43.8,34.3182,28.3421
43.9,34.39,28.2415
44,34.4623,28.1387
44.1,34.5352,28.0337
44.2,34.6092,27.9266
44.3,34.6837,27.8171
44.4,34.7591,27.7064
44.5,34.8349,27.594
44.6,34.9115,27.4807
44.7,34.9886,27.3707
44.8,35.0655,27.2601
44.9,35.1423,27.149
45,35.2188,27.0372
45.1,35.2949,26.9249
45.2,35.3707,26.8124
45.3,35.4466,26.6993
45.4,35.5227,26.5855
45.5,35.5994,26.471
45.6,35.6768,26.3554
45.7,35.7549,26.2385
45.8,35.8338,26.1208
45.9,35.9135,26.0017
46,35.9935,25.8847
46.1,36.0732,25.7675
46.2,36.1523,25.6494
46.3,36.2308,25.5301
46.4,36.3086,25.4098
46.5,36.3856,25.2882
46.6,36.4618,25.1655
46.7,36.5372,25.0416
46.8,36.6117,24.9166
46.9,36.6853,24.7903
47,36.7581,24.6628
47.1,36.8302,24.5342
47.2,36.9015,24.4044
47.3,36.973,24.2759
47.4,37.0443,24.1482
47.5,37.1152,24.0209
47.6,37.1855,23.8938
47.7,37.2551,23.767
47.8,37.324,23.6403
47.9,37.392,23.5135
48,37.4592,23.3866
48.1,37.5258,23.2596
48.2,37.592,23.1323
48.3,37.6579,23.0053
48.4,37.7238,22.8785
48.5,37.7898,22.7522
48.6,37.8559,22.6262
48.7,37.9219,22.5006
48.8,37.9883,22.3758
48.9,38.0548,22.252
49,38.121,22.129
49.1,38.1862,22.007
49.2,38.2496,21.8863
49.3,38.3105,21.7668
49.4,38.3696,21.6488
49.5,38.4269,21.5324
49.6,38.483,21.4181
49.7,38.5383,21.3067
49.8,38.5939,21.1988
49.9,38.6509,21.0948
50,38.7104,20.9944
50.1,38.7729,20.8971
50.2,38.8382,20.802
50.3,38.9058,20.7084
50.4,38.975,20.6156
50.5,39.0452,20.5233
50.6,39.1159,20.4313
50.7,39.1867,20.3396
50.8,39.2576,20.2481
50.9,39.3282,20.1569
51,39.3985,20.0661
51.1,39.4685,19.9755
51.2,39.5383,19.8849
51.3,39.608,19.7943
51.4,39.6774,19.7033
51.5,39.7467,19.6119
51.6,39.8157,19.5198
51.7,39.8845,19.4272
51.8,39.953,19.3338
51.9,40.021,19.24
52,40.0885,19.1458
52.1,40.1553,19.0512
52.2,40.2214,18.9565
52.3,40.2868,18.8618
52.4,40.3516,18.7672
52.5,40.4157,18.6731
52.6,40.4817,18.5812
52.7,40.5479,18.4912
52.8,40.6141,18.4029
52.9,40.6803,18.3161
53,40.7464,18.2307
53.1,40.8126,18.1466
53.2,40.8787,18.0635
53.3,40.9451,17.9812
53.4,41.0114,17.9002
53.5,41.0779,17.8204
53.6,41.1447,17.7415
53.7,41.2119,17.6629
53.8,41.2797,17.5845
53.9,41.3481,17.5058
54,41.4172,17.4267
54.1,41.487,17.3469
54.2,41.5577,17.2662
54.3,41.6291,17.1844
54.4,41.7011,17.1014
54.5,41.7738,17.017
54.6,41.8471,16.9312
54.7,41.9208,16.8439
54.8,41.995,16.755
54.9,42.0698,16.6647
55,42.145,16.5729
55.1,42.2202,16.4794
55.2,42.2954,16.3841
55.3,42.3705,16.2873
55.4,42.4458,16.1889
55.5,42.5211,16.0891
55.6,42.5965,15.9877
55.7,42.6731,15.8863
55.8,42.7493,15.7836
55.9,42.8319,15.6884
56,42.9075,15.5863
56.1,42.9976,15.4789
56.2,43.0807,15.3699
56.3,43.1604,15.2581
56.4,43.2377,15.1445
56.5,43.3136,15.0288
56.6,43.3892,14.9115
56.7,43.4644,14.7928
56.8,43.5392,14.6728
56.9,43.6137,14.5514
57,43.6879,14.4289
57.1,43.7621,14.3054
57.2,43.8365,14.1812
57.3,43.9112,14.0566
57.4,43.9862,13.9315
57.5,44.0618,13.8062
57.6,44.1378,13.6804
57.7,44.2144,13.5544
57.8,44.2912,13.428
57.9,44.3684,13.3017
58,44.446,13.1755
58.1,44.524,13.0495
58.2,44.604,12.9257
58.3,44.6836,12.8014
58.4,44.7649,12.6793
58.5,44.8474,12.5588
58.6,44.9309,12.4396
58.7,45.0153,12.3214
58.8,45.1004,12.2042
58.9,45.1862,12.0877
59,45.2726,11.9718
59.1,45.3593,11.8567
59.2,45.4466,11.7421
59.3,45.5341,11.628
59.4,45.6217,11.5142
59.5,45.7095,11.4007
59.6,45.7972,11.2873
59.7,45.8848,11.1739
59.8,45.9723,11.0604
59.9,46.0595,10.9469
60,46.1463,10.8332
60.1,46.2328,10.7192
60.2,46.3189,10.6051
60.3,46.4045,10.4907
60.4,46.4896,10.376
60.5,46.5743,10.261
60.6,46.6586,10.1456
60.7,46.7423,10.0299
60.8,46.8256,9.91384
60.9,46.9082,9.79739
61,46.9902,9.68045
61.1,47.0716,9.56287
61.2,47.1522,9.44446
61.3,47.2321,9.32499
61.4,47.3113,9.20428
61.5,47.3901,9.08218
61.6,47.4685,8.95859
61.7,47.5467,8.83347
61.8,47.6252,8.70924
61.9,47.7038,8.58541
62,47.7825,8.46161
62.1,47.8609,8.3376
62.2,47.9391,8.21319
62.3,48.017,8.08831
62.4,48.0946,7.96288
62.5,48.1718,7.83691
62.6,48.2487,7.7104
62.7,48.3252,7.58334
62.8,48.4013,7.45583
62.9,48.4773,7.32904
63,48.5529,7.20275
63.1,48.6281,7.07683
63.2,48.7029,6.95121
63.3,48.777,6.82573
63.4,48.8503,6.70012
63.5,48.9226,6.57437
63.6,48.9944,6.44852
63.7,49.0659,6.32261
63.8,49.137,6.19666
63.9,49.208,6.07068
64,49.2791,5.94546
64.1,49.3501,5.8208
64.2,49.4208,5.69654
64.3,49.4909,5.57254
64.4,49.5603,5.44848
64.5,49.6296,5.32436
64.6,49.6989,5.20061
64.7,49.7689,5.07745
64.8,49.8396,4.955
64.9,49.9109,4.83351
65,49.9827,4.71306
65.1,50.0549,4.59366
65.2,50.1277,4.47525
65.3,50.2009,4.35775
65.4,50.2735,4.24053
65.5,50.3466,4.0948
65.6,50.4188,3.96131
65.7,50.492,3.83408
65.8,50.5658,3.71181
65.9,50.6403,3.59377
66,50.7155,3.47937
66.1,50.7917,3.36801
66.2,50.8689,3.25909
66.3,50.9471,3.15207
66.4,51.0262,3.04644
66.5,51.1062,2.94178
66.6,51.1868,2.8377
66.7,51.2689,2.73571
66.8,51.352,2.63546
66.9,51.4355,2.53672
67,51.5192,2.43929
67.1,51.6032,2.34294
67.2,51.6876,2.24737
67.3,51.7723,2.15229
67.4,51.8574,2.05745
67.5,51.9429,1.96266
67.6,52.0287,1.86776
67.7,52.1147,1.77268
67.8,52.2009,1.67741
67.9,52.2871,1.58201
68,52.3733,1.48655
68.1,52.4592,1.39104
68.2,52.5445,1.29551
68.3,52.6288,1.2001
68.4,52.7118,1.10501
68.5,52.7934,1.01049
68.6,52.8738,0.916785
68.7,52.9531,0.824106
68.8,53.0316,0.732644
68.9,53.1097,0.642484
69,53.1874,0.553614
69.1,53.2651,0.465951
69.2,53.3429,0.379357
69.3,53.4209,0.29366
69.4,53.4991,0.208711
69.5,53.5775,0.124397
69.6,53.6561,0.04064
69.7,53.735,-0.0426086
69.8,53.814,-0.125075
69.9,53.8934,-0.206824
70,53.9733,-0.288022
70.1,54.0538,-0.368869
70.2,54.1352,-0.449577
70.3,54.2174,-0.530361
70.4,54.3006,-0.611425
70.5,54.3847,-0.692897
70.6,54.4699,-0.774926
70.7,54.556,-0.857633
70.8,54.6429,-0.940927
70.9,54.7307,-1.02483
71,54.8194,-1.10941
71.1,54.9088,-1.19477
71.2,54.9992,-1.28103
71.3,55.0904,-1.36831
71.4,55.1825,-1.45675
71.5,55.2755,-1.54647
71.6,55.3692,-1.63752
71.7,55.4636,-1.72997
71.8,55.5585,-1.82382
71.9,55.6538,-1.91902
72,55.7493,-2.01548
72.1,55.8449,-2.11305
72.2,55.9405,-2.21156
72.3,56.0359,-2.3108
72.4,56.131,-2.41054
72.5,56.2258,-2.51055
72.6,56.3201,-2.6106
72.7,56.4139,-2.71048
72.8,56.5074,-2.81002
72.9,56.6004,-2.90911
73,56.6932,-3.00769
73.1,56.7857,-3.10571
73.2,56.878,-3.20318
73.3,56.9701,-3.30009
73.4,57.0619,-3.39639
73.5,57.1535,-3.49205
73.6,57.2448,-3.5871
73.7,57.3359,-3.68155
73.8,57.4267,-3.77547
73.9,57.5174,-3.86893
74,57.6079,-3.962
74.1,57.6982,-4.05475
74.2,57.7885,-4.14725
74.3,57.8786,-4.23956
74.4,57.9685,-4.33169
74.5,58.0579,-4.4236
74.6,58.147,-4.51516
74.7,58.2355,-4.60629
74.8,58.3236,-4.69695
74.9,58.4114,-4.78714
75,58.4988,-4.87689
75.1,58.5861,-4.96625
75.2,58.6733,-5.0553
75.3,58.7605,-5.14408
75.4,58.8477,-5.23266
75.5,58.9348,-5.32105
75.6,59.0219,-5.40929
75.7,59.1089,-5.49721
75.8,59.1957,-5.5848
75.9,59.2825,-5.67211
76,59.3693,-5.75923
76.1,59.4561,-5.84624
76.2,59.5432,-5.93323
76.3,59.6305,-6.02033
76.4,59.7181,-6.10766
76.5,59.8061,-6.19529
76.6,59.8944,-6.28334
76.7,59.9831,-6.37187
76.8,60.072,-6.4608
76.9,60.1611,-6.55012
77,60.2504,-6.63979
77.1,60.3397,-6.72983
77.2,60.4292,-6.82022
77.3,60.5187,-6.91096
77.4,60.6082,-7.00207
77.5,60.6978,-7.09357
77.6,60.7873,-7.18545
77.7,60.8768,-7.27773
77.8,60.9661,-7.3704
77.9,61.0553,-7.46344
78,61.1443,-7.55667
78.1,61.2331,-7.65005
78.2,61.3218,-7.74358
78.3,61.4104,-7.83732
78.4,61.4988,-7.93142
78.5,61.5869,-8.02607
78.6,61.6745,-8.12151
78.7,61.7611,-8.21813
78.8,61.8461,-8.31634
78.9,61.9286,-8.41731
79,62.0103,-8.52003
79.1,62.0898,-8.62672
79.2,62.1699,-8.73515
79.3,62.2497,-8.84801
79.4,62.3309,-8.96284
79.5,62.413,-9.08041
79.6,62.4966,-9.19952
79.7,62.5813,-9.32015
79.8,62.6667,-9.44216
79.9,62.7527,-9.56536
80,62.839,-9.68954
80.1,62.9256,-9.81441
80.2,63.0127,-9.93973
80.3,63.1003,-10.0652
80.4,63.1884,-10.1887
80.5,63.277,-10.3114
80.6,63.3661,-10.4336
80.7,63.4556,-10.5555
80.8,63.5456,-10.6771
80.9,63.6357,-10.7981
81,63.7258,-10.9185
81.1,63.8158,-11.0378
81.2,63.9055,-11.1541
81.3,63.9951,-11.2685
81.4,64.0849,-11.3817
81.5,64.175,-11.494
81.6,64.2655,-11.6055
81.7,64.3563,-11.7164
81.8,64.4474,-11.8263
81.9,64.5384,-11.9335
82,64.6293,-12.0392
82.1,64.7203,-12.1438
82.2,64.8113,-12.2478
82.3,64.9025,-12.3513
82.4,64.994,-12.4544
82.5,65.0858,-12.5571
82.6,65.1777,-12.658
82.7,65.2697,-12.7581
82.8,65.362,-12.8579
82.9,65.4543,-12.9573
83,65.5468,-13.0566
83.1,65.6394,-13.1558
83.2,65.7318,-13.2534
83.3,65.8242,-13.3506
83.4,65.9166,-13.4477
83.5,66.009,-13.5449
83.6,66.1015,-13.6423
83.7,66.194,-13.7399
83.8,66.2867,-13.8376
83.9,66.3792,-13.9339
84,66.4715,-14.0299
84.1,66.5638,-14.1259
84.2,66.6561,-14.2221
84.3,66.7484,-14.3187
84.4,66.8407,-14.4156
84.5,66.9327,-14.5114
84.6,67.0245,-14.6068
84.7,67.1162,-14.7022
84.8,67.2079,-14.7978
84.9,67.2995,-14.8937
85,67.3912,-14.9902
85.1,67.4828,-15.087
85.2,67.5742,-15.183
85.3,67.6653,-15.2788
85.4,67.7564,-15.3746
85.5,67.8474,-15.4705
85.6,67.9383,-15.5669
85.7,68.0292,-15.6637
85.8,68.1201,-15.7609
85.9,68.2108,-15.8574
86,68.3013,-15.9538
86.1,68.3916,-16.0502
86.2,68.4818,-16.1468
86.3,68.572,-16.2438
86.4,68.6622,-16.3413
86.5,68.7522,-16.4382
86.6,68.842,-16.535
86.7,68.9317,-16.632
86.8,69.0212,-16.7292
86.9,69.1107,-16.8269
87,69.2001,-16.925
87.1,69.2896,-17.0238
87.2,69.3789,-17.122
87.3,69.468,-17.2201
87.4,69.557,-17.3184
87.5,69.6458,-17.4171
87.6,69.7346,-17.5161
87.7,69.8234,-17.6156
87.8,69.9121,-17.7157
87.9,70.0008,-17.8153
88,70.0893,-17.9149
88.1,70.1778,-18.0146
88.2,70.2663,-18.1147
88.3,70.3549,-18.2152
88.4,70.4435,-18.3163
88.5,70.5322,-18.418
88.6,70.621,-18.5204
88.7,70.7098,-18.6227
88.8,70.7986,-18.7252
88.9,70.8874,-18.8283
89,70.9762,-18.932
89.1,71.065,-19.0367
89.2,71.1538,-19.1422
89.3,71.2427,-19.2488
89.4,71.3314,-19.3556
89.5,71.42,-19.4628
89.6,71.5085,-19.5707
89.7,71.5967,-19.6793
89.8,71.6848,-19.7889
89.9,71.7727,-19.8993
90,71.8605,-20.0105
90.1,71.948,-20.1216
90.2,72.0354,-20.2328
90.3,72.1227,-20.3443
90.4,72.2099,-20.4561
90.5,72.297,-20.5684
90.6,72.384,-20.681
90.7,72.4711,-20.794
90.8,72.5582,-20.9074
90.9,72.6454,-21.0202
91,72.7326,-21.1326
91.1,72.8198,-21.2447
91.2,72.9071,-21.3568
91.3,72.9946,-21.4688
91.4,73.0821,-21.5808
91.5,73.1699,-21.6928
91.6,73.2578,-21.8048
91.7,73.3459,-21.9168
91.8,73.4342,-22.0287
91.9,73.5226,-22.1396
92,73.6109,-22.2495
92.1,73.6993,-22.3587
92.2,73.7876,-22.4671
92.3,73.876,-22.5748
92.4,73.9643,-22.6818
92.5,74.0526,-22.7881
92.6,74.1409,-22.8939
92.7,74.2292,-22.9991
92.8,74.3174,-23.1038
92.9,74.4057,-23.2081
93,74.4939,-23.3119
93.1,74.5822,-23.4155
93.2,74.6706,-23.5189
93.3,74.7591,-23.6221
93.4,74.8477,-23.7253
93.5,74.9365,-23.8285
93.6,75.0256,-23.9317
93.7,75.1149,-24.035
93.8,75.2045,-24.1386
93.9,75.2944,-24.2424
94,75.3846,-24.3465
94.1,75.4752,-24.4508
94.2,75.5662,-24.5555
94.3,75.6575,-24.6605
94.4,75.7492,-24.7659
94.5,75.8414,-24.8715
94.6,75.9339,-24.9775
94.7,76.0268,-25.0838
94.8,76.1201,-25.1904
94.9,76.2138,-25.2973
95,76.3078,-25.4044
95.1,76.4022,-25.5116
95.2,76.4969,-25.6191
95.3,76.5918,-25.7267
95.4,76.6871,-25.8344
95.5,76.7826,-25.9421
95.6,76.8784,-26.0499
95.7,76.9744,-26.1578
95.8,77.0706,-26.2656
95.9,77.167,-26.3734
96,77.2636,-26.4811
96.1,77.3604,-26.5888
96.2,77.4572,-26.6963
96.3,77.5543,-26.8037
96.4,77.6515,-26.9109
96.5,77.749,-27.0178
96.6,77.8465,-27.1245
96.7,77.9443,-27.231
96.8,78.0422,-27.3372
96.9,78.1402,-27.4432
97,78.2383,-27.549
97.1,78.3364,-27.6545
97.2,78.4347,-27.7598
97.3,78.533,-27.8648
97.4,78.6313,-27.9697
97.5,78.7297,-28.0744
97.6,78.8281,-28.1789
97.7,78.9265,-28.2831
97.8,79.025,-28.3873
97.9,79.1234,-28.4912
98,79.2219,-28.5949
98.1,79.3203,-28.6985
98.2,79.4187,-28.802
98.3,79.5171,-28.9052
98.4,79.6155,-29.0084
98.5,79.7138,-29.1114
98.6,79.8121,-29.2142
98.7,79.9104,-29.3169
98.8,80.0087,-29.4195
98.9,80.1069,-29.5219
99,80.205,-29.6243
99.1,80.3032,-29.7264
99.2,80.4013,-29.8285
99.3,80.4993,-29.9304
99.4,80.5973,-30.0322
99.5,80.6953,-30.1339
99.6,80.7935,-30.235
99.7,80.8919,-30.3356
99.8,80.9904,-30.4357
99.9,81.089,-30.5356
100,81.1876,-30.6352
100.1,81.2863,-30.7345
100.2,81.3849,-30.8337
100.3,81.4835,-30.9326
100.4,81.582,-31.0314
100.5,81.6805,-31.1301
100.6,81.7789,-31.2286
100.7,81.8772,-31.327
100.8,81.9754,-31.4253
100.9,82.0736,-31.5234
101,82.1717,-31.6215
101.1,82.2696,-31.7194
101.2,82.3675,-31.8172
101.3,82.4654,-31.9149
101.4,82.5631,-32.0124
101.5,82.6608,-32.1098
101.6,82.7584,-32.2071
101.7,82.8559,-32.3043
101.8,82.9534,-32.4013
101.9,83.0508,-32.4982
102,83.1481,-32.595
102.1,83.2453,-32.6917
102.2,83.3424,-32.7882
102.3,83.4395,-32.8846
102.4,83.5364,-32.9809
102.5,83.6332,-33.077
102.6,83.73,-33.173
102.7,83.8266,-33.2689
102.8,83.923,-33.3646
102.9,84.0193,-33.4602
103,84.1155,-33.5557
103.1,84.2115,-33.651
103.2,84.3073,-33.7462
103.3,84.403,-33.8412
103.4,84.4984,-33.936
103.5,84.5936,-34.0307
103.6,84.6886,-34.1251
103.7,84.7833,-34.2194
103.8,84.8777,-34.3135
103.9,84.9718,-34.4074
104,85.0655,-34.5012
104.1,85.1589,-34.5947
104.2,85.2519,-34.688
104.3,85.3445,-34.7812
104.4,85.4365,-34.8741
104.5,85.528,-34.9669
104.6,85.6188,-35.0594
104.7,85.7089,-35.1518
104.8,85.798,-35.244
104.9,85.8861,-35.3361
105,85.9731,-35.428
105.1,86.0591,-35.5197
105.2,86.1441,-35.6111
105.3,86.2281,-35.7023
105.4,86.3112,-35.7933
105.5,86.3932,-35.8838
105.6,86.474,-35.9745
105.7,86.5537,-36.065
105.8,86.6318,-36.1554
105.9,86.7076,-36.2451
106,86.7774,-36.3363
106.1,86.8479,-36.4234
106.2,86.9085,-36.4743
106.3,87.0025,-36.5512
106.4,87.0857,-36.6212
106.5,87.1642,-36.6998
106.6,87.2362,-36.7771
106.7,87.293,-36.8196
106.8,87.3954,-36.8783
106.9,87.4783,-36.9362
107,87.5577,-36.9979
107.1,87.618,-37.1045
107.2,87.678,-37.2009
107.3,87.7305,-37.2941
107.4,87.7901,-37.3825
107.5,87.8568,-37.4716
107.6,87.9167,-37.5677
107.7,87.9804,-37.6597
107.8,88.0486,-37.7498
107.9,88.1143,-37.8262
108,88.1818,-37.9004
108.1,88.2489,-37.9522
108.2,88.3209,-38.0537
108.3,88.3937,-38.115
108.4,88.4679,-38.2157
108.5,88.5036,-38.3483
108.6,88.5777,-38.5124
108.7,88.6842,-38.6385
108.8,88.7413,-38.7717
108.9,88.7965,-38.8864
109,88.8631,-38.984
109.1,88.895,-39.1001
109.2,88.9304,-39.1855
109.3,88.9591,-39.2977
109.4,89.0146,-39.3941
109.5,89.0598,-39.4897
109.6,89.0998,-39.5535
109.7,89.1432,-39.6102
109.8,89.2294,-39.6928
109.9,89.2579,-39.7478
110,89.2868,-39.7726
110.1,89.2808,-39.7994
110.2,89.2987,-39.8484
110.3,89.3284,-39.8963
110.4,89.3537,-39.9534
110.5,89.3899,-40.0207
110.6,89.4364,-40.0908
110.7,89.4823,-40.1725
110.8,89.5526,-40.2655
110.9,89.6429,-40.3127
111,89.7296,-40.31
111.1,89.8316,-40.3549
111.2,89.9316,-40.3578
111.3,90.0525,-40.4382
111.4,90.1429,-40.5598
111.5,90.174,-40.6085
111.6,90.1809,-40.6992
111.7,90.194,-40.7578
111.8,90.228,-40.8624
111.9,90.2279,-40.9495
112,90.2413,-40.9944
112.1,90.2176,-41.0213
112.2,90.2124,-41.0947
112.3,90.2515,-41.1599
112.4,90.2647,-41.1762
112.5,90.3187,-41.2362
112.6,90.4102,-41.2675
112.7,90.4544,-41.3153
112.8,90.471,-41.3286
112.9,90.52,-41.3654
113,90.5476,-41.3922
113.1,90.5965,-41.4198
113.2,90.5969,-41.4596
113.3,90.6286,-41.4724
113.4,90.6734,-41.5031
113.5,90.7194,-41.5838
113.6,90.7494,-41.6883
113.7,90.7854,-41.7526
113.8,90.8501,-41.8695
113.9,90.871,-41.9857
114,90.8608,-42.0821
114.1,90.866,-42.1565
114.2,90.8376,-42.1311
114.3,90.8813,-42.09
114.4,90.8789,-42.0494
114.5,90.9414,-42.0233
114.6,90.9581,-41.9771
114.7,91.0246,-41.9343
114.8,91.1388,-41.9524
114.9,91.2036,-41.9798
115,91.2492,-42.1125
115.1,91.2858,-42.2285
115.2,91.2543,-42.2219
115.3,91.3032,-42.1636
115.4,91.3064,-42.1257
115.5,91.36,-42.0954
115.6,91.3984,-42.0615
115.7,91.3173,-42.0449
115.8,91.2151,-42.0922
115.9,91.1204,-42.1889
116,91.0877,-42.301
116.1,91.1751,-42.4025
116.2,91.2409,-42.5339
116.3,91.3202,-42.6172
116.4,91.3066,-42.6495
116.5,91.2832,-42.6891
116.6,91.2343,-42.7117
116.7,91.1798,-42.8439
116.8,91.1526,-42.9458
116.9,91.1399,-43.0212
117,91.118,-43.0994
117.1,91.1164,-43.1736
117.2,91.0851,-43.1812
117.3,91.1313,-43.1866
117.4,91.1902,-43.2243
117.5,91.2356,-43.1977
117.6,91.262,-43.2526
117.7,91.2653,-43.3188
117.8,91.3501,-43.3503
117.9,91.379,-43.4275
118,91.3764,-43.5011
118.1,91.4861,-43.5809
118.2,91.587,-43.6201
118.3,91.6237,-43.6686
118.4,91.6953,-43.6887
118.5,91.7381,-43.6929
118.6,91.7964,-43.7283
118.7,91.8771,-43.7093
118.8,91.9394,-43.7499
118.9,92.025,-43.8135
119,91.9512,-43.9424
119.1,91.91,-43.9358
119.2,91.8819,-43.8668
119.3,91.8974,-43.925
119.4,91.8743,-43.9881
119.5,91.8224,-44.0286
119.6,91.7995,-44.0284
119.7,91.7887,-44.0767
119.8,91.7941,-44.0777
119.9,91.7849,-44.0524
120,91.7782,-44.0651
120.1,91.7866,-44.1222
120.2,91.7752,-44.1448
120.3,91.7508,-44.2001
120.4,91.7695,-44.2227
120.5,91.8277,-44.1972
120.6,91.9327,-44.1926
120.7,92.001,-44.1504
120.8,92.0268,-44.1025
120.9,91.9766,-44.0499
121,91.987,-43.9771
121.1,92.0286,-43.911
121.2,92.0992,-43.9887
121.3,92.1255,-44.0579
121.4,92.1179,-44.0644
121.5,92.0465,-44.0738
121.6,92.0152,-44.0283
121.7,91.9089,-44.016
121.8,91.8167,-44.0327
121.9,91.7706,-44.0301
122,91.7313,-44.077
122.1,91.7171,-44.1672
122.2,91.7665,-44.2496
122.3,91.7424,-44.3334
122.4,91.7651,-44.4144
122.5,91.8336,-44.4753
122.6,91.9254,-44.577
122.7,92.0401,-44.6178
122.8,92.132,-44.7068
122.9,92.1355,-44.7535
123,92.1297,-44.7681
123.1,92.2424,-44.8092
123.2,92.3555,-44.8593
123.3,92.41,-44.9503
123.4,92.468,-44.9927
123.5,92.4411,-45.0863
123.6,92.4257,-45.1852
123.7,92.3748,-45.2101
123.8,92.4389,-45.1689
123.9,92.4721,-45.1634
124,92.5237,-45.2312
124.1,92.6136,-45.3428
124.2,92.7099,-45.4914
124.3,92.8496,-45.5855
124.4,93.0132,-45.5935
124.5,93.0835,-45.7075
124.6,93.1276,-45.7893
124.7,93.218,-45.8761
124.8,93.3938,-45.9058
124.9,93.4209,-46.0663
125,93.4634,-46.1312
125.1,93.4642,-46.066
125.2,93.514,-45.9906
125.3,93.5312,-45.8902
125.4,93.6283,-45.8466
125.5,93.6601,-45.879
125.6,93.627,-45.9799
125.7,93.6777,-45.9974
125.8,93.6954,-46.0288
125.9,93.6913,-46.0187
126,93.7275,-46.1532
126.1,93.819,-46.1959
126.2,93.926,-46.1321
126.3,93.989,-46.0042
126.4,93.9968,-45.8768
126.5,94.0656,-45.8037
126.6,94.0412,-45.7638
126.7,93.948,-45.8016
126.8,93.8606,-45.7755
126.9,93.8565,-45.6631
127,93.8761,-45.6896
127.1,93.7996,-45.7813
127.2,93.7879,-45.8135
127.3,93.8193,-45.8061
127.4,93.8339,-45.8314
127.5,93.8249,-45.8581
127.6,93.7936,-45.9033
127.7,93.7909,-45.9764
127.8,93.7298,-46.0863
127.9,93.5779,-46.1092
128,93.537,-46.1354
128.1,93.5004,-46.178
128.2,93.4586,-46.1977
128.3,93.4712,-46.207
128.4,93.424,-46.2563
128.5,93.398,-46.3609
128.6,93.3674,-46.4234
128.7,93.3438,-46.4578
128.8,93.2995,-46.4822
128.9,93.4223,-46.5937
129,93.5943,-46.6326
129.1,93.7471,-46.6049
129.2,93.7942,-46.5165
129.3,93.7797,-46.5852
129.4,93.6939,-46.6311
129.5,93.6933,-46.6481
129.6,93.8424,-46.7244
129.7,93.9089,-46.7768
129.8,93.9525,-46.7279
129.9,93.9458,-46.6885
130,93.957,-46.6975
130.1,93.9875,-46.7481
130.2,93.9699,-46.7058
130.3,93.8812,-46.7519
130.4,93.7666,-46.9225
130.5,93.6855,-47.0926
130.6,93.6002,-47.2206
130.7,93.5645,-47.3548
130.8,93.6099,-47.4415
130.9,93.579,-47.4199
131,93.6124,-47.3798
131.1,93.7436,-47.4299
131.2,93.7696,-47.5163
131.3,93.7574,-47.5363
131.4,93.8447,-47.5429
131.5,93.9705,-47.5769
131.6,94.1475,-47.6053
131.7,94.289,-47.6965
131.8,94.429,-47.7984
131.9,94.4724,-47.7929
132,94.5227,-47.7874
132.1,94.498,-47.8279
132.2,94.5412,-47.949
132.3,94.6769,-48.0704
132.4,94.6405,-48.1987
132.5,94.5972,-48.2797
132.6,94.6385,-48.3373
132.7,94.7174,-48.3805
132.8,94.7588,-48.4071
132.9,94.8189,-48.3932
133,94.8395,-48.4864
133.1,94.8028,-48.5183
133.2,94.7393,-48.5047
133.3,94.7785,-48.5701
133.4,94.8127,-48.608
133.5,94.7401,-48.5564
133.6,94.6838,-48.6138
133.7,94.6932,-48.6776
133.8,94.777,-48.7382
133.9,94.8565,-48.8236
134,94.7674,-48.7916
134.1,94.6201,-48.8161
134.2,94.559,-48.8508
134.3,94.5852,-48.9167
134.4,94.6057,-48.9343
134.5,94.6898,-48.9188
134.6,94.7387,-48.939
134.7,94.7308,-48.9451
134.8,94.6854,-49.0448
134.9,94.6296,-49.022
135,94.5923,-49.1228
135.1,94.5934,-49.2443
135.2,94.6318,-49.3702
135.3,94.6078,-49.4774
135.4,94.6642,-49.5361
135.5,94.7256,-49.614
135.6,94.7774,-49.6158
135.7,94.8501,-49.5904
135.8,94.8483,-49.5074
135.9,94.8707,-49.4819
136,94.8678,-49.518
136.1,94.8682,-49.5735
136.2,94.8379,-49.6689
136.3,94.7867,-49.7316
136.4,94.8309,-49.7259
136.5,94.8288,-49.7362
136.6,94.78,-49.821
136.7,94.7585,-49.8829
136.8,94.6479,-49.9867
136.9,94.5573,-50.0034
137,94.6211,-49.9612
137.1,94.7275,-50.1035
137.2,94.7402,-50.2178
137.3,94.7597,-50.1615
137.4,94.7952,-50.1914
137.5,94.7777,-50.0701
137.6,94.73,-50.0678
137.7,94.8375,-50.0445
137.8,94.9043,-50.0128
137.9,94.8642,-49.9184
138,94.7909,-49.8266
138.1,94.7925,-49.8217
138.2,94.8183,-49.9241
138.3,94.8386,-50.0016
138.4,94.8939,-50.0415
138.5,94.9393,-50.0313
138.6,94.9089,-50.1283
138.7,94.934,-50.1328
138.8,94.9717,-50.1062
138.9,95.0288,-50.0882
139,94.8903,-50.0973
139.1,94.8113,-50.1745
139.2,94.8572,-50.1664
139.3,94.9325,-50.1466
139.4,94.9855,-50.2042
139.5,94.9828,-50.234
139.6,95.043,-50.2058
139.7,95.0997,-50.1745
139.8,95.1583,-50.1057
139.9,95.1768,-50.0763
140,95.1206,-50.1865
140.1,94.9748,-50.3039
140.2,94.9668,-50.4482
140.3,95.0602,-50.5091
140.4,95.1355,-50.665
140.5,95.1519,-50.854
140.6,95.1078,-50.955
140.7,95.0693,-51.0468
140.8,95.0837,-51.1164
140.9,95.1787,-51.1506
141,95.2798,-51.2029
141.1,95.3625,-51.2325
141.2,95.4859,-51.3997
141.3,95.4833,-51.4832
141.4,95.4434,-51.4477
141.5,95.5038,-51.5047
141.6,95.61,-51.5942
141.7,95.6326,-51.7225
141.8,95.6587,-51.8606
141.9,95.7147,-51.9309
142,95.7471,-51.9382
142.1,95.7309,-51.9572
142.2,95.6917,-52.0387
142.3,95.6146,-51.9683
142.4,95.5699,-51.841
142.5,95.5359,-51.812
142.6,95.5204,-51.7969
142.7,95.5501,-51.7916
142.8,95.4959,-51.9142
142.9,95.5343,-52.0346
143,95.449,-52.0532
143.1,95.4412,-52.1294
143.2,95.4105,-52.1603
143.3,95.3727,-52.1521
143.4,95.274,-52.1068
143.5,95.1586,-52.1251
143.6,95.1212,-52.1804
143.7,95.2179,-52.1616
143.8,95.2637,-52.2083
143.9,95.2661,-52.3759
144,95.184,-52.4202
144.1,95.1628,-52.4397
144.2,95.1786,-52.4663
144.3,95.2117,-52.4711
144.4,95.2888,-52.6676
144.5,95.3333,-52.8118
144.6,95.3742,-52.88
144.7,95.3129,-52.882
144.8,95.2957,-52.8526
144.9,95.3388,-52.9502
145,95.4458,-53.0861
145.1,95.4636,-53.0104
145.2,95.43,-52.9426
145.3,95.4345,-52.9492
145.4,95.4683,-52.8915
145.5,95.4323,-52.8582
145.6,95.3767,-52.9511
145.7,95.2874,-52.9832
145.8,95.2859,-52.9247
145.9,95.2419,-52.9554
146,95.2818,-52.9828
146.1,95.3116,-52.9688
146.2,95.3229,-52.8941
146.3,95.1923,-52.8303
146.4,95.0678,-52.8294
146.5,95.0508,-52.7889
146.6,95.2059,-52.8066
146.7,95.2156,-52.7557
146.8,95.2113,-52.6074
146.9,95.2667,-52.4237
147,95.2003,-52.37
147.1,95.1824,-52.4365
147.2,95.2397,-52.5821
147.3,95.3725,-52.6381
147.4,95.4093,-52.7766
147.5,95.5006,-52.8969
147.6,95.5425,-53.0405
147.7,95.5804,-53.1517
147.8,95.6704,-53.2424
147.9,95.7765,-53.2893
148,95.7967,-53.3086
148.1,95.6706,-53.3458
148.2,95.6039,-53.4028
148.3,95.5937,-53.494
148.4,95.6035,-53.5496
148.5,95.5665,-53.6145
148.6,95.4387,-53.6703
148.7,95.3868,-53.7696
148.8,95.4548,-53.8102
148.9,95.4726,-53.8586
149,95.4542,-53.8878
149.1,95.465,-53.927
149.2,95.5136,-53.9528
149.3,95.5362,-53.9975
149.4,95.5533,-54.0486
149.5,95.481,-54.1091
149.6,95.3943,-54.213
149.7,95.4522,-54.2647
149.8,95.5079,-54.3031
149.9,95.5877,-54.2888
150,95.599,-54.309
150.1,95.5646,-54.3288
150.2,95.4561,-54.3242
150.3,95.4042,-54.3698
150.4,95.4443,-54.434
150.5,95.5807,-54.5247
150.6,95.6607,-54.6126
150.7,95.7076,-54.5265
150.8,95.7457,-54.4139
150.9,95.8072,-54.4344
151,95.7223,-54.4821
151.1,95.7253,-54.4845
151.2,95.8561,-54.5239
151.3,95.9868,-54.5133
151.4,96.1103,-54.5352
151.5,96.1665,-54.5564
151.6,96.2156,-54.5814
151.7,96.3093,-54.6294
151.8,96.4107,-54.6703
151.9,96.4764,-54.7276
152,96.5369,-54.7787
152.1,96.6397,-54.8059
152.2,96.7389,-54.9176
152.3,96.9114,-54.9475
152.4,96.9732,-55.0268
152.5,96.9923,-55.0436
152.6,97.0361,-54.9937
152.7,97.031,-55.0763
152.8,97.0965,-55.1717
152.9,97.1465,-55.1911
153,97.112,-55.1464
153.1,97.0513,-55.116
153.2,96.991,-55.1195
153.3,97.0497,-55.0214
153.4,97.1628,-54.9256
153.5,97.1888,-54.9236
153.6,97.189,-54.9113
153.7,97.0359,-54.8372
153.8,96.9142,-54.7484
153.9,96.8953,-54.5458
154,96.9113,-54.3964
154.1,96.9514,-54.2901
154.2,96.999,-54.2521
154.3,96.978,-54.2553
154.4,96.9279,-54.0914
154.5,96.896,-54.0022
154.6,96.8992,-53.9705
154.7,96.8579,-54.0233
154.8,96.8617,-54.0209
154.9,96.8822,-53.9642
155,96.986,-53.9977
155.1,97.1035,-54.0793
155.2,97.2014,-54.1123
155.3,97.3479,-54.037
155.4,97.4088,-54.0853
155.5,97.4659,-54.083
155.6,97.527,-54.0386
155.7,97.5438,-54.002
155.8,97.5409,-54.0558
155.9,97.5743,-54.0918
156,97.5871,-54.0653
156.1,97.6275,-54.1128
156.2,97.652,-54.1456
156.3,97.6702,-54.0689
156.4,97.6754,-54.0285
156.5,97.6409,-53.9771
156.6,97.6851,-54.0397
156.7,97.7241,-54.2078
156.8,97.7652,-54.3412
156.9,97.7435,-54.4804
157,97.7656,-54.5435
157.1,97.7156,-54.5015
157.2,97.6539,-54.5056
157.3,97.7142,-54.5531
157.4,97.7355,-54.6329
157.5,97.6671,-54.5901
157.6,97.6512,-54.437
157.7,97.6293,-54.3152
157.8,97.7539,-54.2539
157.9,97.8161,-54.3302
158,97.7829,-54.4228
158.1,97.7108,-54.5054
158.2,97.7125,-54.5606
158.3,97.6728,-54.482
158.4,97.5866,-54.3413
158.5,97.465,-54.3284
158.6,97.5026,-54.4022
158.7,97.4821,-54.3732
158.8,97.3958,-54.2292
158.9,97.3862,-54.1875
159,97.4025,-54.2203
159.1,97.4495,-54.1467
159.2,97.4459,-54.1413
159.3,97.444,-54.1171
159.4,97.5191,-54.0562
159.5,97.565,-54.0985
159.6,97.5393,-54.0979
159.7,97.5406,-54.0619
159.8,97.501,-54.0529
159.9,97.463,-54.0458
160,97.5002,-53.9259
160.1,97.5479,-53.8588
160.2,97.4781,-53.8985
160.3,97.5157,-53.962
160.4,97.5825,-53.9805
160.5,97.6371,-54.0402
160.6,97.7627,-54.0009
160.7,97.8839,-54.0505
160.8,97.9642,-53.9925
160.9,97.9433,-53.8686
161,97.8746,-53.7974
161.1,97.9415,-53.7869
161.2,97.9774,-53.8057
161.3,98.0088,-53.7933
161.4,97.9434,-53.8153
161.5,97.9335,-53.8406
161.6,97.9716,-53.8991
161.7,98.0251,-53.9332
161.8,98.0462,-53.9383
161.9,98.0638,-53.9175
162,98.0878,-53.915
162.1,98.1091,-53.8648
162.2,98.0832,-53.9375
162.3,98.1075,-53.9205
162.4,98.0187,-53.9465
162.5,97.836,-53.9927
162.6,97.7497,-53.9361
162.7,97.6967,-53.9644
162.8,97.6449,-53.9899
162.9,97.5283,-53.9709
163,97.4129,-54.145
163.1,97.3563,-54.1765
163.2,97.4292,-54.124
163.3,97.5053,-54.0766
163.4,97.5417,-54.0232
163.5,97.5059,-54.0195
163.6,97.4275,-54.1219
163.7,97.4802,-54.2294
163.8,97.3782,-54.2874
163.9,97.191,-54.3082
164,97.0321,-54.329
164.1,96.9678,-54.3951
164.2,96.9427,-54.3971
164.3,96.9277,-54.4037
164.4,96.8963,-54.3767
164.5,96.8347,-54.3098
164.6,96.8023,-54.3148
164.7,96.7815,-54.2538
164.8,96.6908,-54.1601
164.9,96.4944,-54.1178
165,96.4234,-54.2081
165.1,96.4504,-54.3663
165.2,96.4302,-54.3703
165.3,96.3349,-54.3032
165.4,96.2477,-54.3817
165.5,96.3703,-54.5294
165.6,96.554,-54.5574
165.7,96.6279,-54.4647
165.8,96.6465,-54.2589
165.9,96.6588,-54.1556
166,96.5395,-54.0991
166.1,96.5233,-54.078
166.2,96.6281,-53.9839
166.3,96.6683,-53.8416
166.4,96.6756,-53.7234
166.5,96.718,-53.6067
166.6,96.745,-53.5521
166.7,96.8386,-53.4603
166.8,96.8464,-53.3067
166.9,96.9111,-53.1791
167,96.8421,-53.0505
167.1,96.8869,-52.9382
167.2,96.9897,-52.7972
167.3,96.9501,-52.7499
167.4,96.933,-52.7397
167.5,97.0381,-52.6742
167.6,96.9884,-52.5264
167.7,96.9249,-52.3521
167.8,96.9781,-52.2861
167.9,97.1187,-52.372
168,97.243,-52.3396
168.1,97.2403,-52.4264
168.2,97.3394,-52.3716
168.3,97.3359,-52.2902
168.4,97.2221,-52.2945
168.5,97.1334,-52.3667
168.6,97.1755,-52.4941
168.7,97.2987,-52.4767
168.8,97.3073,-52.3811
168.9,97.2447,-52.3531
169,97.2774,-52.3916
169.1,97.3098,-52.3979
169.2,97.3816,-52.3494
169.3,97.4238,-52.3569
169.4,97.2684,-52.4098
169.5,97.1687,-52.3398
169.6,97.0643,-52.3656
169.7,97.1711,-52.1989
169.8,97.1993,-52.0762
169.9,97.2158,-51.9286
170,97.3093,-51.8403
170.1,97.5038,-51.8633
170.2,97.5241,-51.9717
170.3,97.4678,-52.0697
170.4,97.3519,-52.0488
170.5,97.3334,-52.1315
170.6,97.3423,-52.155
170.7,97.4489,-52.0166
170.8,97.5785,-52.0239
170.9,97.6457,-52.0749
171,97.6241,-52.1146
171.1,97.6465,-51.9113
171.2,97.5501,-51.8776
171.3,97.5649,-51.8848
171.4,97.5349,-51.9902
171.5,97.4752,-52.076
171.6,97.439,-52.2397
171.7,97.3245,-52.3028
171.8,97.2204,-52.29
171.9,97.3025,-52.2006
172,97.2833,-52.2265
172.1,97.2266,-52.2407
172.2,97.2391,-52.2555
172.3,97.2815,-52.2431
172.4,97.239,-52.2578
172.5,97.189,-52.2373
172.6,97.1778,-52.3513
172.7,97.1406,-52.4439
172.8,97.1865,-52.5488
172.9,97.2484,-52.5608
173,97.3409,-52.6344
173.1,97.3919,-52.6226
173.2,97.4121,-52.571
173.3,97.4376,-52.6134
173.4,97.468,-52.6689
173.5,97.4964,-52.6974
173.6,97.6329,-52.732
173.7,97.7894,-52.6651
173.8,97.8297,-52.6442
173.9,97.8718,-52.6908
174,98.0502,-52.5746
174.1,97.9989,-52.4194
174.2,98.0335,-52.3018
174.3,98.0613,-52.2955
174.4,98.0458,-52.3087
174.5,97.9778,-52.2328
174.6,97.9575,-52.0955
174.7,97.9525,-51.9656
174.8,97.9676,-51.8089
174.9,97.9632,-51.7945
175,98.0017,-51.8884
175.1,98.1467,-52.0226
175.2,98.0985,-52.1302
175.3,98.1283,-52.3117
175.4,98.0849,-52.4155
175.5,98.0397,-52.4568
175.6,98.0813,-52.5302
175.7,98.0306,-52.4951
175.8,97.9758,-52.4929
175.9,97.916,-52.4266
176,97.8072,-52.5079
176.1,97.8242,-52.5682
176.2,98.017,-52.5831
176.3,98.2048,-52.6069
176.4,98.1811,-52.5939
176.5,98.163,-52.598
176.6,98.2057,-52.5159
176.7,98.334,-52.3955
176.8,98.4563,-52.2993
176.9,98.5422,-52.2635
177,98.5468,-51.963
177.1,98.5279,-51.8786
177.2,98.6178,-51.9292
177.3,98.705,-51.7798
177.4,98.7897,-51.8288
177.5,98.7371,-51.9673
177.6,98.6665,-52.1059
177.7,98.5644,-52.245
177.8,98.6402,-52.3406
177.9,98.7398,-52.3309
178,98.856,-52.3141
178.1,98.9378,-52.3128
178.2,98.9086,-52.379
178.3,98.983,-52.3885
178.4,99.0598,-52.2523
178.5,99.1642,-52.2392
178.6,99.2757,-52.357
178.7,99.272,-52.5278
178.8,99.2564,-52.5379
178.9,99.281,-52.4542
179,99.2709,-52.3957
179.1,99.2735,-52.3401
179.2,99.1786,-52.3195
179.3,99.1451,-52.3948
179.4,99.0764,-52.3758
179.5,99.0442,-52.2598
179.6,99.0672,-52.1731
179.7,98.9973,-52.1913
179.8,99.0061,-52.2552
179.9,99.0498,-52.2602
180,99.0131,-52.1941
180.1,98.9831,-52.2297
180.2,98.9873,-52.3349
180.3,98.9854,-52.3818
180.4,98.9661,-52.5911
180.5,99.0574,-52.6861
180.6,99.0142,-52.5988
180.7,98.8139,-52.487
180.8,98.5844,-52.6662
180.9,98.481,-52.6072
181,98.4913,-52.4643
181.1,98.5403,-52.4033
181.2,98.4724,-52.4643
181.3,98.3273,-52.4339
181.4,98.1473,-52.3314
181.5,98.1109,-52.1852
181.6,98.233,-52.1395
181.7,98.3669,-52.1246
181.8,98.4138,-52.0894
181.9,98.4322,-52.0142
182,98.4927,-52.0952
182.1,98.7328,-52.1179
182.2,98.8825,-52.1478
182.3,98.9861,-52.224
182.4,99.0589,-52.1403
182.5,99.0752,-51.9792
182.6,99.1559,-51.9382
182.7,99.2325,-52.0294
182.8,99.3396,-52.1768
182.9,99.383,-52.1938
183,99.4436,-52.0965
183.1,99.5815,-52.1937
183.2,99.7222,-52.3108
183.3,99.762,-52.2768
183.4,99.7068,-52.216
183.5,99.6851,-52.2737
183.6,99.7533,-52.3507
183.7,99.7947,-52.3894
183.8,99.7968,-52.3228
183.9,99.7868,-52.3907
184,99.8477,-52.399
184.1,99.8179,-52.3433
184.2,99.7555,-52.2667
184.3,99.7834,-52.1949
184.4,99.8344,-52.2678
184.5,99.9993,-52.299
184.6,100.099,-52.2757
184.7,99.9327,-52.2035
184.8,99.9777,-52.2863
184.9,100.035,-52.3509
185,99.9598,-52.2683
185.1,99.9749,-52.2154
185.2,100.067,-52.2631
185.3,100.116,-52.1763
185.4,100.157,-52.1357
185.5,100.209,-52.0507
185.6,100.172,-51.9403
185.7,100.038,-52.0537
185.8,99.8107,-52.0755
185.9,99.6598,-52.0956
186,99.7336,-52.0731
186.1,99.9577,-52.0176
186.2,100.11,-52.1091
186.3,99.9904,-52.3222
186.4,100.018,-52.3762
186.5,100.154,-52.2266
186.6,100.145,-52.0623
186.7,100.35,-51.9714
186.8,100.439,-52.0034
186.9,100.488,-52.0186
187,100.53,-52.0029
187.1,100.551,-51.9452
187.2,100.702,-51.8466
187.3,100.88,-51.8428
187.4,100.96,-51.8326
187.5,101.152,-51.7483
187.6,101.29,-51.6868
187.7,101.382,-51.7521
187.8,101.428,-51.7713
187.9,101.472,-51.7774
188,101.581,-51.6855
188.1,101.669,-51.6969
188.2,101.744,-51.8088
188.3,101.911,-51.929
188.4,101.914,-51.9525
188.5,102.004,-51.8511
188.6,102.263,-51.8059
188.7,102.248,-51.8874
188.8,102.14,-51.9764
188.9,102.029,-51.9241
189,101.985,-51.9135
189.1,101.989,-51.9045
189.2,101.883,-51.8243
189.3,101.907,-51.9464
189.4,101.93,-52.0159
189.5,101.868,-52.0654
189.6,101.733,-52.2988
189.7,101.796,-52.2101
189.8,101.992,-52.1261
189.9,101.846,-51.8101
190,101.824,-51.5974
190.1,101.664,-51.5727
190.2,101.497,-51.6839
190.3,101.348,-51.7081
190.4,101.468,-51.5708
190.5,101.548,-51.333
190.6,101.445,-51.3105
190.7,101.391,-51.3136
190.8,101.35,-51.2774
190.9,101.348,-51.316
191,101.293,-51.4069
191.1,101.322,-51.4378
191.2,101.387,-51.356
191.3,101.417,-51.1799
191.4,101.398,-50.9497
191.5,101.505,-50.7628
191.6,101.677,-50.5553
191.7,101.693,-50.2873
191.8,101.726,-50.0878
191.9,101.703,-49.8545
192,101.656,-49.7735
192.1,101.741,-49.8741
